0.0 0.0
0.306087965856979 0.9520032337957365
-0.9775029678805321 -0.21092166267301876
0.6714150020235535 -0.7410815711227128
-0.30608796585698783 -0.9520032337957351
0.977502967880539 0.21092166267302187
-0.6714150020235639 0.7410815711227225
1.7500000000000027 0.968245836551855
0.8577982024040834 -1.806704802659343
1.7135254915624194 -1.03142153834684
-1.1357531550403022 -1.6462274359322249
-0.036474508437576714 -1.9996673748986997
-1.993551357444381 0.16047736672711121
-1.7499999999999953 -0.9682458365518473
-0.8577982024040806 1.8067048026593349
-1.7135254915624198 1.0314215383468406
1.1357531550402995 1.6462274359322286
0.036474508437582265 1.9996673748986937
1.9935513574443846 -0.16047736672711022
0.8749999999999999 0.48412291827593507
0.8567627457812108 -0.5157107691734188
-0.01823725421879846 -0.999833687449344
-0.8749999999999952 -0.48412291827592374
-0.8567627457812075 0.515710769173421
0.018237254218786025 0.9998336874493543
0.42889910120204255 -0.9033524013296677
0.9967756787222012 -0.08023868336355289
0.5678765775201521 0.8231137179661214
-0.42889910120204466 0.9033524013296761
-0.9967756787221935 0.08023868336355972
-0.5678765775201475 -0.8231137179661105
1.8535384245034021 -0.5959494525369736
-1.4428765775201549 -1.3072366362420436
-0.4106618469832607 1.903186088779026
1.303899101202038 -0.4192294830537337
-1.015012932940981 -0.9195950040857892
-0.2888861682610614 1.338824487139542
-0.14001293294097583 -0.43547208580986546
0.30712342247984886 -0.3389907996901779
0.4471363554208283 0.09648128611968065
0.14001293294097922 0.4354720858098687
-0.30712342247984875 0.33899079969019374
-0.44713635542082786 -0.09648128611965921
0.07544985328281933 -1.1398503080714104
-0.3716865021379996 -1.2363315941910822
-0.725609395985422 -0.8822938340646757
0.725609395985453 0.8822938340646789
0.41848597350557737 1.2212846337548662
-0.07544985328281861 1.1398503080714169
-0.4012841759096628 1.0695430871804106
0.9494143966599502 0.6352666436904465
0.8094014637189735 0.1997945578805767
1.2565378191397902 0.2962758440002526
-0.9494143966599546 -0.6352666436904303
0.4012841759096703 -1.0695430871803975
0.8484205313304957 -0.9730618010607281
0.5412971088506513 -0.6340710013705321
1.1268935718951014 -0.18724925311572294
-1.1268935718950992 0.1872492531157317
-1.0248642499427696 0.5045836643809771
-0.5777278945219411 0.6010649505006549
-0.8848513170017875 0.9400557501908307
1.02486424994277 -0.5045836643809716
0.12281113534506127 -1.8553556351254052
-0.18431228713478298 -1.5163648354352117
-0.7339516104361496 -1.3396448659519837
-1.1810879658569886 -1.4361261520716622
0.7339516104361489 1.3396448659519957
1.1810879658569808 1.4361261520716688
0.3243252200757625 1.9518369212450928
0.18431228713479098 1.516364835435222
-0.1228111353450646 1.8553556351254124
1.5453795454006827 1.0340353806391362
1.405366612459704 0.5985632948292805
-1.8525029678805298 -0.6950445809489467
-1.545379545400687 -1.0340353806391305
-1.4053666124597037 -0.5985632948292664
-1.6681906807457452 0.8213202544862735
-1.221054325324912 0.9178015406059457
1.9742786466027242 0.1306829793094605
1.8342657136617455 -0.3047891065004059
1.5271422911818926 0.03420169318978772
1.6681906807457394 -0.8213202544862707
1.2210543253249162 -0.917801540605949
-1.5271422911818968 -0.03420169318978061
-1.8342657136617442 0.3047891065004037
-1.1003141032255885 1.6444339724523946
-0.7931906807457425 1.3054431727622091
-0.6531777478047566 1.7409152585720697
0.793190680745747 -1.3054431727621878
0.6531777478047555 -1.7409152585720578
-0.10202932195232145 -0.3173344112652386
-0.3258343226268495 -0.07030722089099038
-0.22380500067452147 0.24702719037424647
0.32583432262684264 0.07030722089101184
0.22380500067451664 -0.24702719037423504
0.10202932195233462 0.317334411265251
-0.14835514739169597 -0.8928231176971646
-0.008342214450714924 -0.45735103188730636
-0.4554785698715438 -0.5538323180069791
-0.5954915028125227 -0.9893044038168488
-0.3997750733585927 -0.8119866131736612
-0.09265165087874466 -1.1509774128638512
0.04736128206223672 -0.715505327053988
0.39977507335859175 0.8119866131736722
0.25976214041760115 0.3765145273638121
0.09265165087873645 1.1509774128638603
-0.04736128206223833 0.7155053270539968
0.14835514739169325 0.892823117697181
0.4554785698715484 0.5538323180069917
0.5954915028125274 0.9893044038168519
0.6990299273159278 -0.5748908852719725
0.5590169943749562 -1.0103629710818416
0.2518935718951035 -0.6713721713916518
0.5033134978619987 -0.7522086759151565
0.9504498532828207 -0.6557273897954847
0.6433264308029647 -0.316736590105283
0.19619007538214922 -0.4132178762249659
-0.8473850747076243 -0.3179322324251893
-0.707372141766647 0.11753985338467504
-1.1545084971874695 0.021058567264991723
-0.5033134978619886 0.7522086759151689
-0.6433264308029722 0.31673659010530475
-0.9504498532828212 0.6557273897954935
-0.9030885712205797 -0.059777937258507385
-1.0431015041615603 -0.4952500230683685
-0.5959651487407254 -0.3987687369486884
-0.4559522157997476 0.03670334886115739
-0.6990299273159282 0.5748908852719838
-0.39190650483608064 0.2359000855818006
-0.25189357189510053 0.671372171391663
-0.5590169943749512 1.0103629710818474
0.9030885712205802 0.05977793725850955
1.0431015041615632 0.4952500230683754
0.5959651487407361 0.3987687369487021
0.8473850747076279 0.3179322324252026
0.7073721417666419 -0.11753985338466111
1.1545084971874733 -0.021058567264989725
0.6250891765841907 -1.3165702775546368
0.17795282116334826 -1.413051563674319
1.275248719286792 0.7055738645814535
0.8276387179377551 1.1996282453299263
-0.026579468669504558 -1.4571847193366554
0.4205568867513148 -1.3607034332169672
1.424639323301366 0.30740294879269675
1.2846263903603883 -0.1280691370171675
1.7317627457812161 -0.031587850897484504
1.5646522562423453 0.7428750346025579
1.1175159008215145 0.6463937484828914
-0.9785384245033972 1.0800723708129056
-1.1185513574443873 0.6446002850030421
-0.5314020690825734 1.1765536569325845
-0.8385254915624215 1.5155444566227703
-1.4256747799242298 0.9835910846932293
0.9785384245034014 -1.08007237081289
0.8385254915624203 -1.5155444566227723
1.4256747799242298 -0.9835910846932275
1.1185513574443813 -0.6446002850030386
0.5314020690825694 -1.1765536569325847
-1.4246393233013628 -0.30740294879269037
-1.564652256242338 -0.7428750346025556
-1.1175159008215152 -0.6463937484828818
-1.284626390360383 0.1280691370171796
-1.7317627457812164 0.03158785089749572
0.44610089879795944 1.3874753196055998
0.7532243212778136 1.0484845199154078
0.8932372542187921 1.483956605725276
0.13897747631810908 1.7264661192957884
-0.0010354566228718554 1.2909940334859282
-0.44610089879796117 -1.387475319605598
-0.13897747631811042 -1.7264661192957877
0.0010354566228610862 -1.2909940334859125
-0.7532243212778091 -1.0484845199154122
-0.8932372542187959 -1.4839566057252767
-1.452727894521942 0.11694203222473132
-1.3127149615809648 0.5524141180345918
-0.046325825439369056 -0.5754887064319256
0.0936871075016125 -0.14001662062206197
-0.3534492479192135 -0.23649790674173973
0.29774575140626025 0.49465220190842796
0.1577328184652836 0.059180116098565876
-0.1493906040145701 0.3981709157887574
0.04632582543936942 0.5754887064319325
-0.0936871075016028 0.14001662062206022
0.3534492479192199 0.23649790674174348
0.4278636445791709 0.3876416321562547
0.2878507116381993 -0.04783045365360879
-0.019272710841659685 0.2911603460365789
-0.12177567872218387 0.5643616016394846
0.5496393233013633 -0.1767199694832268
0.12177567872219106 -0.5643616016394829
-0.18534774375766344 -0.22537080194929449
-0.32536067669863866 -0.6608428877591586
0.4752249266414058 -0.3278636948977398
0.16810150416156147 0.011127104792451603
0.028088571220581005 -0.4243449810174138
0.5772542485937402 -0.010529283632493974
0.2701308261138898 0.3284615160576949
0.13011789317291028 -0.10701056975217389
-0.4752249266414119 0.3278636948977436
-0.1681015041615585 -0.011127104792443165
-0.028088571220578895 0.4243449810174286
-0.29774575140625714 -0.49465220190842585
0.14939060401456766 -0.39817091578874564
-0.15773281846527876 -0.059180116098556404
-0.5772542485937366 0.010529283632499636
-0.27013082611388517 -0.3284615160576835
-0.1301178931729084 0.10701056975217321
0.5215507520807796 0.247625011534191
0.3815378191398068 -0.18784707427567393
0.07441439665995789 0.15114372541451554
-0.5215507520807854 -0.2476250115341802
-0.07441439665995443 -0.15114372541450416
-0.3815378191398073 0.1878470742756767
0.27950849718747484 -0.5051814855409115
0.7266448526083047 -0.4087001994212415
0.41952143012845267 -0.06970939973105225
-0.027614925292375178 -0.1661906858507319
-0.2795084971874716 0.5051814855409223
-0.41952143012845033 0.06970939973105741
0.027614925292375206 0.1661906858507392
-0.4278636445791682 -0.3876416321562471
-0.5496393233013603 0.17671996948323193
-0.40962639036038473 0.6121920552930996
1.377278041239125 1.0229082758466896
1.6844014637189761 0.6839174761565073
0.8463496180847517 1.6089262659111234
1.0529528211633576 -0.9289286453983913
-1.4344906403031568 1.116775719674077
0.9701962100526886 -1.5374234027001998
-0.576218791970863 -1.2804647498534185
-0.8833422144507147 -0.9414739501632418
-1.330952215799756 -0.4474195694147562
-0.47418947001854245 -0.963130338588175
0.17597007268407006 1.0590138035479169
0.035957139743091726 0.6235417177380456
0.47418947001854567 0.9631303385881824
-1.071190075382137 -0.07090504205095022
1.0711900753821493 0.07090504205095821
0.9311771424411615 -0.36456704375889704
1.3783134978619986 -0.26808575763922826
-0.5970006053636048 0.8922252965372419
-0.14986424994277386 0.9887065826569078
1.0051178931729055 0.3771123485237642
0.597000605363597 -0.8922252965372207
-0.8291478204888267 0.6819014550241644
0.8291478204888441 -0.6819014550241422
1.2762841759096633 -0.5854201689044647
0.9691607534298157 -0.2464293692142842
-0.17597007268406994 -1.0590138035479035
-1.0051178931729101 -0.3771123485237481
-0.6979944706930545 -0.7161031482139351
0.85572728915835 0.7752832643125028
1.3028636445791881 0.8717645504321753
0.5486038666784903 1.1142740640026936
0.5506747799242317 -1.4677140029691567
0.6906877128652089 -1.0322419171592871
0.24355135744438083 -1.1287232032789625
0.1035384245033989 -1.564195289088836
-0.5506747799242321 1.4677140029691598
-0.6906877128652102 1.032241917159293
-0.24355135744438133 1.128723203278973
-0.10353842450339734 1.5641952890888329
-0.2035849979764529 -1.2252044893986453
0.2035849979764498 1.225204489398652
-1.30286364457917 -0.871764550432178
-0.9957402220993217 -1.210755350122362
-0.8557272891583434 -0.7752832643124978
-1.1628507116381968 -0.43629246462231697
1.1628507116381956 0.4362924646223181
-0.5486038666784976 -1.1142740640026885
1.4064020690825694 -0.6924307386566497
1.099278646602725 -0.3534399389664552
0.9592657136617467 -0.7889120247763313
-1.5464150020235525 0.2569586528467901
-1.0992786466027331 0.35343993896646864
-0.9592657136617457 0.7889120247763364
1.2392915795437085 0.08203214684339721
-1.2392915795437047 -0.08203214684339899
1.8061771424411632 0.11955587451701977
0.6792835705460646 0.30680512763275936
0.3721601480662103 0.6457959273229492
-0.37319560468907925 0.6451981061629914
0.07394075073174128 0.7416793922826703
0.3731956046890892 -0.6451981061629817
-0.07394075073174683 -0.7416793922826557
-0.37216014806621744 -0.6457959273229273
-0.6792835705460584 -0.3068051276327383
-0.745355752755298 -0.000597821159942391
-0.6053428198143187 0.43487426464992296
0.7453557527552982 0.000597821159949552
0.6053428198143205 -0.43487426464991075
-1.4236038666784914 -1.5983969822786175
-1.73072728915834 -1.2594061825884366
1.1929657541043308 -0.49345655958852935
-0.2711662827367559 0.9625325174282338
-0.2253141032255901 2.1285568907283223
-0.5579815377520821 -0.280631062404072
0.2967102947833926 1.7856462353943534
0.624053719961311 -0.025576244068724274
0.29878120802913327 -0.7963418315774872
1.5281777478047711 -1.2567923402961307
0.017201797595915558 2.2908277209352774
-0.8739645433771125 -1.775116951761854
-0.2425159008215129 -0.162270830206951
-0.10250296788054086 0.2732012556029179
0.6896522562423393 0.25875211632663475
0.8286741745606312 -0.0913657881559991
-0.680792673097143 1.5747245727213304
-0.3736692506172977 1.2357337730311528
1.2570114650680138 -0.2942598228678994
-0.16913696078442858 1.279866928693481
-0.4569876724226223 1.3276973823470988
-0.7813128924983912 -0.6241395388979872
0.5220243980089828 -0.34291065533396076
-0.6724504586464194 2.0320756046086403
1.9560413923839317 -0.8691507081398812
-1.0238287933198955 -0.7864103691049528
-0.23167356919703203 -0.8008595083812194
1.1347621404176076 0.8606374456397257
0.27799939463640266 1.376348214813158
-0.24991082341582427 -1.800693195830576
-1.2669065048360766 -0.24822283269413054
-0.8208056060381156 1.139252486911469
-0.9213258254393685 -1.059611624707851
0.21546278622379722 -0.7043782222615447
0.5855964630444527 0.44682174825482296
0.2784730405646032 0.7858125479450027
-0.33521199370042815 0.763335780707608
-0.13115334979578036 1.398004603238105
-1.9925159008215174 -1.1305166667588031
-1.0233551473916909 -1.3769460359730938
1.3980598546318583 -1.1497817705439544
0.5230598546318593 -1.6339046888198776
1.1534730405646048 1.26993546622093
-1.5745035732441304 0.681303633864206
-1.0066269957239795 1.5044173518303234
-1.6947701494152538 -0.6358644648503846
-0.7172671815347178 -0.424942802177361
0.502278041239126 0.5387853575707642
0.19722553200500748 -1.7042119097108903
-0.8390428602569104 0.13941879946212254
0.056177142441166894 -0.8486899620348433
-0.7177408274629297 0.1655928646907831
1.3970243980089843 0.1412122629419651
-1.406402069082577 0.6924307386566586
0.9681252968069485 1.044564664271635
0.9957402220993207 1.2107553501223678
1.9753141032255852 -1.160311054176455
0.5402616522277736 0.6569230321153868
1.7041478204888396 -0.19777853674822576
-1.2486692506172936 0.7516108547552184
-1.8165458281374438 -0.0715028632108986
-0.28987718288374487 0.5532344968470424
0.26178861166316936 -0.12888951582961544
-0.8197701494152525 -0.1517415465744529
-1.3211008987979629 -1.8715982378815204
-0.493462180860201 -0.6719699925516002
-1.1451308261138906 -0.8125844343336139
-1.676532895196459 0.363969222598966
-0.7995501467171834 -1.6239732263473332
-1.4709651487407323 -0.8828916552246189
0.7068984958384456 0.47299581348348885
-1.388682183558271 0.31613876894535253
-0.334176537077564 -0.5276582527783105
0.40024871928679717 0.22145094630551765
-0.6896522562423413 -0.2587521163266305
-0.009377671073589389 0.8336430015986198
1.5464150020235452 -0.25695865284678543
2.0960543253249186 -0.43367862233002386
-0.6797572164742729 0.2837305392354067
2.28140206908258 -0.20830782038073226
1.500089176584173 -0.8324473592787158
-0.7630756382796008 0.3756941485513633
0.5689120341430188 -0.4678803155198045
-0.9603011702846114 2.079906058262254
-0.029124027843446365 1.7153390145033423
0.09416075342981564 -0.7305522874902173
-1.2762841759096666 0.5854201689044825
0.7349870670590201 0.04865083246606916
-0.12074022209932461 -0.7266324318464347
0.12074022209932422 0.726632431846441
0.45595221579975154 -0.03670334886116636
-1.9742786466027233 -0.13068297930945627
-1.3783134978619918 0.2680857576392458
-0.568912034143016 0.46788031551981146
1.145130826113884 0.81258443433362
0.8739645433771278 1.7751169517618512
-0.19619007538214311 0.4132178762249774
-0.259762140417611 -0.37651452736380353
0.13115334979577975 -1.398004603238094
1.100314103225595 -1.644433972452384
0.9213258254393732 1.0596116247078577
2.0000000000000013 1.1102230246251565e-16
-0.12409377442300873 -1.9961464713666266
1.000000000000001 -1.7320508075688787
-1.7907604410896745 -0.8906048745815008
-0.9999999999999987 -1.7320508075688796
-1.666666666666678 1.1055415967851308
-1.9999999999999991 -1.4432899320127035e-15
0.12409377442300373 1.9961464713666315
-1.0000000000000004 1.7320508075688776
1.79076044108967 0.8906048745815001
0.9999999999999947 1.7320508075688752
1.6666666666666663 -1.105541596785134
0.9379531127884982 -0.9980732356833139
-1.3333333333333361 -0.3132546053918716
0.39538022054483507 1.3113278410751863
1.3333333333333308 -1.4187962021770073
-1.8953802205448376 -0.44530243729075536
0.5620468872115 1.864098639467754
0.9999999999999993 8.326672684688674e-16
0.5000000000000041 -0.8660254037844384
-0.500000000000004 -0.8660254037844427
-1.0000000000000018 -2.0539125955565396e-15
-0.49999999999999967 0.8660254037844384
0.49999999999999944 0.8660254037844376
-0.06204688721150081 -0.9980732356833163
0.8333333333333333 -0.5527707983925674
0.8953802205448359 0.4453024372907449
0.062046887211506196 0.9980732356833182
-0.833333333333335 0.552770798392565
-0.895380220544835 -0.44530243729075214
1.8953802205448353 0.44530243729074787
-0.3333333333333333 -0.31325460539187466
0.10461977945516497 -0.44530243729074936
0.4379531127884996 -0.13204783189887642
0.33333333333333753 0.3132546053918712
-0.10461977945516598 0.4453024372907477
-0.4379531127884968 0.13204783189888186
1.5620468872115008 1.8640986394677557
-1.9574271077563372 -1.4433756729740712
2.395380220544834 -0.42072296649368957
-0.2712864461218324 2.4168694378603215
2.22871355387817 -0.9734937648862558
0.8333333333333269 -2.2848216059614477
-0.8333333333333364 2.284821605961439
-2.395380220544846 0.42072296649368524
-1.0620468872115043 -0.9980732356833166
-0.957427107756337 -1.443375672974066
-0.624093774423004 -1.1301210675821933
-1.1666666666666667 -0.552770798392562
-1.5000000000000036 -0.8660254037844407
1.0620468872114994 0.9980732356833213
1.1666666666666674 0.5527707983925675
1.4999999999999998 0.8660254037844349
0.9574271077563311 1.4433756729740694
0.6240937744230031 1.13012106758219
1.395380220544837 -0.4207229664936899
1.0620468872115028 -0.7339775718855638
1.499999999999999 -0.8660254037844397
1.7287135538781677 -0.10746836110181701
1.2907604410896703 0.024579470797061798
0.3333333333333343 -1.4187962021770073
-2.6645352591003757e-15 -1.7320508075688703
0.7712864461218354 -1.5508440340758851
0.6666666666666679 -1.1055415967851328
-0.10461977945516499 -1.286748370278134
-0.3333333333333342 1.418796202177003
-0.6666666666666685 1.1055415967851367
0.10461977945515888 1.2867483702781262
-5.773159728050814e-15 1.7320508075688759
-0.7712864461218316 1.5508440340758796
-1.3953802205448338 0.4207229664936939
-1.72871355387817 0.10746836110181457
-1.29076044108967 -0.02457947079706191
-1.0620468872115023 0.7339775718855593
-1.5000000000000009 0.866025403784437
0.5620468872115006 0.13204783189887573
0.6666666666666635 -0.313254605391876
0.4574271077563341 0.5773502691896283
1.437953112788495 -0.13204783189887914
1.2287135538781684 0.75855704268262
0.39538022054483385 -0.42072296649369845
0.6046197794551652 -1.311327841075188
1.2712864461218323 -0.6848186302914429
-0.1666666666666696 -0.5527707983925659
0.2712864461218322 -0.6848186302914451
-0.6046197794551706 -0.4207229664936859
-0.8333333333333348 -1.1792800091763094
0.04257289224366212 -1.4433756729740648
-0.562046887211502 -0.1320478318988773
-1.1046197794551653 0.445302437290753
-0.3953802205448369 0.4207229664936901
-0.062046887211502866 0.7339775718855578
-0.6046197794551614 1.311327841075183
-1.2712864461218327 0.6848186302914412
0.16666666666667254 0.5527707983925599
1.562046887211502 0.13204783189887703
-0.6666666666666674 -1.4187962021770018
0.8953802205448371 -1.2867483702781295
-1.2287135538781697 0.9734937648862552
-0.8953802205448318 1.286748370278132
0.27128644612183384 -2.416869437860321
0.8333333333333326 1.1792800091763107
1.8333333333333335 -0.5527707983925693
-1.5620468872114992 -1.8640986394677561
-1.228713553878171 -0.7585570426826245
-0.04257289224366245 1.4433756729740648
-1.4379531127885066 0.13204783189887526
-2.228713553878171 0.9734937648862544
-0.39538022054483346 -1.3113278410751907
-0.5620468872115018 -1.864098639467754
1.957427107756334 1.4433756729740677
-1.3953802205448411 -1.311327841075187
2.29076044108967 0.024579470797061798
1.4574271077563332 0.5773502691896316
-1.1666666666666734 1.9715670005695727
1.1240937744230026 0.26409566379775273
-0.3333333333333321 -1.1055415967851354
-0.7907604410896751 0.8414459329873749
-0.7287135538781719 0.10746836110181401
-0.22871355387816406 -1.5508440340758827
-1.1240937744229988 -1.9961464713666355
-1.3333333333333335 1.4187962021770046
0.9379531127884946 0.7339775718855621
-0.437953112788498 1.8640986394677543
1.3333333333333341 0.31325460539187144
-0.9379531127885037 0.9980732356833133
0.16666666666666763 -1.1792800091763123
0.042572892243660315 0.28867513459481103
-0.6666666666666639 0.31325460539187555
0.6666666666666656 1.418796202177002
0.6046197794551638 0.4207229664936863
-1.8333333333333357 0.552770798392566
-0.2712864461218318 0.6848186302914403
0.22871355387816586 -0.18120677349299996
-0.4574271077563342 -0.5773502691896267
0.1666666666666654 -0.2395161930006955
