[0. 0.]
[ 0.27116628 -0.96253252]
[0.69799447 0.71610315]
[-0.96916075  0.24642937]
[-0.27116628  0.96253252]
[-0.69799447 -0.71610315]
[ 0.96916075 -0.24642937]
[1.75       0.96824584]
[1.99807762 0.08766891]
[ 1.71352549 -1.03142154]
[ 1.07496231 -1.68655152]
[-0.03647451 -1.99966737]
[-0.92311531 -1.77422043]
[-1.75       -0.96824584]
[-1.99807762 -0.08766891]
[-1.71352549  1.03142154]
[-1.07496231  1.68655152]
[0.03647451 1.99966737]
[0.92311531 1.77422043]
[0.875      0.48412292]
[ 0.85676275 -0.51571077]
[-0.01823725 -0.99983369]
[-0.875      -0.48412292]
[-0.85676275  0.51571077]
[0.01823725 0.99983369]
[0.99903881 0.04383445]
[0.46155765 0.88711021]
[-0.53748115  0.84327576]
[-0.99903881 -0.04383445]
[-0.46155765 -0.88711021]
[ 0.53748115 -0.84327576]
[1.3183204  0.37139944]
[-0.33751885 -1.32739868]
[-0.98080155  0.95599923]
[1.87403881 0.52795737]
[-0.47979491 -1.8869439 ]
[-1.3942439   1.35898653]
[ 0.39520509 -1.40282098]
[ 1.41248115 -0.35915284]
[1.01727606 1.04366814]
[-0.39520509  1.40282098]
[-1.41248115  0.35915284]
[-1.01727606 -1.04366814]
[0.09873098 0.13650686]
[-0.91854509 -0.90716128]
[-0.15546969  0.06489302]
[ 0.15546969 -0.06489302]
[-1.25701147  0.29425982]
[-0.09873098 -0.13650686]
[0.13393385 0.10219419]
[-0.1675839  0.0172501]
[ 0.2276212  -1.38557088]
[ 1.24489726 -0.34190274]
[ 0.1675839 -0.0172501]
[-0.13393385 -0.10219419]
[0.88334221 0.94147395]
[-0.52913894  1.30062679]
[ 0.02153584 -0.16708721]
[-0.02153584  0.16708721]
[ 0.06885292 -0.15375696]
[1.08612898 0.88991118]
[-0.32635217  1.24906402]
[-0.06885292  0.15375696]
[0.72787253 1.00636697]
[-0.68460863  1.36551981]
[-0.12889022  1.52207774]
[-1.14616628  0.4784096 ]
[ 0.12889022 -1.52207774]
[ 1.14616628 -0.4784096 ]
[0.28940354 0.03730117]
[ 0.68460863 -1.36551981]
[-0.72787253 -1.00636697]
[-1.23547562  0.12717261]
[-0.84027053 -1.27564837]
[-0.17700553  0.23198023]
[ 1.23547562 -0.12717261]
[0.84027053 1.27564837]
[ 0.5076031  -1.13353958]
[ 1.52487916 -0.08987144]
[-0.23643682  0.17100707]
[ 0.15876828 -1.23181392]
[-1.25371288 -0.87266107]
[-0.5076031   1.13353958]
[-1.52487916  0.08987144]
[1.25371288 0.87266107]
[-0.15876828  1.23181392]
[-0.02987806 -0.29026382]
[ 1.3826031  -0.64941666]
[0.98739801 0.75340432]
[-1.3826031   0.64941666]
[-0.98739801 -0.75340432]
[-0.09038876  0.32084417]
[0.23266482 0.23870105]
[ 0.32305358 -0.08214312]
[-0.23266482 -0.23870105]
[-0.32305358  0.08214312]
[ 0.09038876 -0.32084417]
[0.42178456 0.05436374]
[0.02657947 1.45718472]
[-0.99069659  0.41351658]
[-0.5954915 -0.9893044]
[-0.38813451 -0.17380803]
[ 1.02434664 -0.53296087]
[0.62914155 0.86986011]
[0.38813451 0.17380803]
[ 0.7833396  -1.22901295]
[-1.02434664  0.53296087]
[-0.62914155 -0.86986011]
[-0.42178456 -0.05436374]
[ 0.99069659 -0.41351658]
[0.5954915 0.9893044]
[0.1638119  0.39245801]
[ 0.55901699 -1.01036297]
[-0.85346416 -0.65121013]
[-0.04354509 -0.42303836]
[0.97373098 0.62062978]
[-0.43875018  0.97978262]
[-1.45602624 -0.06388552]
[ 0.25797266 -0.33809428]
[-0.13723243  1.06472671]
[-1.1545085   0.02105857]
[0.04354509 0.42303836]
[ 0.43875018 -0.97978262]
[-0.97373098 -0.62062978]
[-0.34458943  0.24923033]
[ 0.05061567 -1.15359065]
[ 1.06789173 -0.10992251]
[0.67268664 1.29289847]
[-0.1638119  -0.39245801]
[ 1.24866925 -0.75161085]
[0.85346416 0.65121013]
[-0.55901699  1.01036297]
[ 0.34458943 -0.24923033]
[-0.05061567  1.15359065]
[-1.06789173  0.10992251]
[-0.25797266  0.33809428]
[ 0.13723243 -1.06472671]
[ 1.1545085  -0.02105857]
[-0.45698743 -0.02005107]
[-1.4742635  -1.06371921]
[-0.40024872 -0.22145095]
[ 0.24585845 -0.38573719]
[0.00834221 0.45735103]
[1.02561828 1.50101917]
[0.31928159 0.32756499]
[ 0.71448668 -1.07525599]
[ 1.73176275 -0.03158785]
[-0.0759235   1.73038597]
[-1.09319956  0.68671783]
[-0.4433204   0.11272347]
[-0.04811531 -1.29009751]
[0.57395566 1.15639161]
[-0.83852549  1.51554446]
[-1.46059646 -0.93094467]
[ 0.4433204  -0.11272347]
[ 0.83852549 -1.51554446]
[1.46059646 0.93094467]
[0.04811531 1.29009751]
[-0.57395566 -1.15639161]
[-0.31928159 -0.32756499]
[ 0.0759235  -1.73038597]
[ 1.09319956 -0.68671783]
[-0.71448668  1.07525599]
[-1.73176275  0.03158785]
[-0.12403881  0.44028847]
[1.28844235 0.08113562]
[0.89323725 1.48395661]
[-1.53651996  0.79944131]
[-1.14131487 -0.60337967]
[ 0.12403881 -0.44028847]
[ 1.53651996 -0.79944131]
[1.14131487 0.60337967]
[-1.28844235 -0.08113562]
[-0.89323725 -1.48395661]
[0.21112898 0.40578826]
[-0.18407611  1.80860924]
[ 0.51217332 -0.26648044]
[0.11696823 1.13634055]
[-0.90030783  0.09267241]
[0.29774575 0.4946522 ]
[ 0.69295084 -0.90816878]
[-0.71953031 -0.54901594]
[-0.51217332  0.26648044]
[-0.11696823 -1.13634055]
[ 0.90030783 -0.09267241]
[-0.14227606 -0.55954522]
[ 0.25292903 -1.9623662 ]
[-1.15955213 -1.60321336]
[ 0.41344235 -0.4029873 ]
[-0.55571841 -0.15655793]
[-0.41344235  0.4029873 ]
[-1.8259235   0.76214014]
[-1.43071841 -0.64068084]
[0.48686549 0.31031489]
[-0.92561567  0.66946773]
[-0.53041057 -0.73335325]
[ 0.57725425 -0.01052928]
[-0.83522691  0.34862356]
[-0.44002181 -1.05419742]
[-0.48686549 -0.31031489]
[ 0.92561567 -0.66946773]
[0.53041057 0.73335325]
[-0.29774575 -0.4946522 ]
[0.71953031 0.54901594]
[-0.69295084  0.90816878]
[-0.57725425  0.01052928]
[ 0.83522691 -0.34862356]
[0.44002181 1.05419742]
[-0.02530783  0.57679532]
[ 0.36989726 -0.82602566]
[-1.0425839  -0.46687282]
[ 0.02530783 -0.57679532]
[1.0425839  0.46687282]
[-0.36989726  0.82602566]
[ 0.2795085  -0.50518149]
[1.29678456 0.53848665]
[-0.11569659  0.8976395 ]
[-1.13297266 -0.14602864]
[-0.2795085   0.50518149]
[ 0.11569659 -0.8976395 ]
[1.13297266 0.14602864]
[0.14227606 0.55954522]
[0.55571841 0.15655793]
[0.16051332 1.55937891]
[-0.30985996 -0.54229512]
[ 1.1026212  -0.90144796]
[-1.39928753 -0.2652854 ]
[-0.5992635  -0.57959629]
[0.22936624 1.40562195]
[0.46989987 1.34446125]
[0.56406062 0.61390896]
[-0.84842053  0.9730618 ]
[-0.20231336  0.80877555]
[0.65444938 0.29306479]
[0.7111881  0.09166491]
[ 1.10639319 -1.31115608]
[-0.65444938 -0.29306479]
[ 0.58102624 -0.4202374 ]
[-0.58102624  0.4202374 ]
[-0.18582115 -0.98258358]
[0.83145491 0.06108456]
[-0.07342314 -0.71330218]
[0.94385292 0.33036596]
[ 0.43497819 -0.57007451]
[0.07342314 0.71330218]
[0.27620991 0.66173941]
[-0.27620991 -0.66173941]
[0.74106615 0.38192873]
[-0.671415    0.74108157]
[-0.7111881  -0.09166491]
[-0.43497819  0.57007451]
[0.97750297 0.21092166]
[-0.28455213 -1.11909044]
[ 0.73272394 -0.0754223 ]
[-1.69703328 -0.7599376 ]
[0.58559646 0.44682175]
[0.19039137 1.84964273]
[-0.82688469  0.80597459]
[-0.4316796  -0.59684639]
[-0.58559646 -0.44682175]
[-0.19039137 -1.84964273]
[ 0.82688469 -0.80597459]
[0.4316796  0.59684639]
[-1.84416075 -0.23769355]
[1.84416075 0.23769355]
[-0.73272394  0.0754223 ]
[ 0.67975722 -0.28373054]
[0.28455213 1.11909044]
[-1.12792903  1.47824329]
[ 1.12792903 -1.47824329]
[1.69703328 0.7599376 ]
[ 0.30104434 -0.6722687 ]
[-1.11143682 -0.31311585]
[-0.71623172 -1.71593684]
[ 0.09416075 -0.73055229]
[1.11143682 0.31311585]
[0.71623172 1.71593684]
[-1.50664191  1.08970513]
[ 1.50664191 -1.08970513]
[ 0.68917885 -0.49846067]
[ 0.66764301 -0.33137346]
[-0.74483814  0.02777939]
[-0.39647673 -0.63115906]
[0.62079934 0.41250908]
[0.39647673 0.63115906]
[-0.62079934 -0.41250908]
[ 0.74483814 -0.02777939]
[-0.66764301  0.33137346]
[ 0.34836142 -0.65893845]
[-0.04684367  0.74388253]
[-0.34836142  0.65893845]
[ 0.04684367 -0.74388253]
[0.82203328 0.27581468]
[-0.59044787  0.63496753]
[-0.99446859  0.82322469]
[-0.30608797 -0.95200323]
[0.84512194 0.1938591 ]
[0.58229788 1.61374265]
[-0.84356912 -0.10872747]
[-1.5983023  -0.62343074]
[1.43906062 1.09803188]
[-0.11239801 -0.2692814 ]
[-1.12307762  0.39645401]
[0.26631487 0.11925676]
[ 1.96819956 -0.20259492]
[1.57299447 1.20022607]
[-0.9509235   1.24626306]
[1.38717332 0.21764248]
[-0.14557465  0.60737568]
[1.2669065  0.24822283]
[-0.41848597 -1.22128463]
[-0.2156992  -1.27284741]
[-0.46862823  0.6895188 ]
[-0.75803177  0.65221763]
[-1.68869106 -0.30258657]
[-0.17215412 -0.84980904]
[-0.25467407 -0.82882662]
[1.21016779 0.44962271]
[-1.31375018  0.4956597 ]
[ 1.6583396  -0.74489004]
[ 0.80157686 -0.22917927]
[-1.33198743 -0.50417399]
[ 0.37366925 -1.23573377]
[ 0.24963044 -0.79544531]
[-0.36282668 -0.75060335]
[-0.29647412  1.53932784]
[ 0.55067478 -1.467714  ]
[-0.86180637 -1.10856116]
[-0.88207058  1.09250609]
[-0.70129306  0.45081775]
[ 0.21819956 -1.17084075]
[-0.45321544 -0.42975918]
[0.32762381 0.78491602]
[-0.54737619  0.30079311]
[ 0.01319363 -0.62443824]
[0.62457133 0.00280096]
[0.08709017 0.84607672]
[ 0.51594531 -0.67618855]
[-0.18204916 -1.3922917 ]
[-1.18485996 -1.02641804]
[-0.31471137  0.53949415]
[ 0.23139319 -1.79527899]
[-1.06082115 -1.4667065 ]
[ 1.48133407 -0.51290981]
[-0.81369106  0.18153635]
[-0.30104434  0.6722687 ]
[-1.81272987  0.1377019 ]
[-0.67975722  0.28373054]
[0.90487806 0.77438674]
[-1.67045381  0.69724712]
[ 0.59879009 -0.17761649]
[ 0.3919065  -0.23590009]
[ 0.92938766 -1.07917585]
[ 1.33905801 -1.07245503]
[-0.80864744  1.80580828]
[ 1.39094531 -0.19206563]
[-0.75096119 -0.92441138]
[-0.50510274 -1.31014858]
[-0.03977309 -0.83274648]
[0.53418257 0.32364514]
[-0.77626902 -0.34761606]
[ 0.19289173 -0.59404543]
[ 1.80061567 -0.18534481]
[ 0.7871116  -1.63872107]
[0.25924429 1.69588577]
[-1.27524872 -0.70557386]
[ 0.9509235  -1.24626306]
[-1.1147354   0.85380504]
[-0.09416075  0.73055229]
[-0.64987916  0.57399436]
[0.99574022 1.21075535]
[ 1.17604434 -0.18814578]
[0.41801257 0.46407185]
[-0.73979452  1.65205132]
[0.60383372 1.44665544]
[-0.42508315  1.11255716]
[-0.6109043   0.12997358]
[-1.546415    0.25695865]
[-0.74106615 -0.38192873]
[ 1.27020509 -0.91869806]
[1.55475722 0.20039238]
[-1.55475722 -0.20039238]
[-0.67268664 -1.29289847]
[ 0.23643682 -0.17100707]
[-0.83145491 -0.06108456]
[-0.60383372 -1.44665544]
[0.03977309 0.83274648]
[-0.26631487 -0.11925676]
[1.45602624 0.06388552]
[-0.7833396   1.22901295]
[ 0.70129306 -0.45081775]
[0.02987806 0.29026382]
[0.36282668 0.75060335]
[2.00000000e+00 1.66533454e-16]
[ 1.79076044 -0.89060487]
[ 1.         -1.73205081]
[ 0.12409377 -1.99614647]
[-1.         -1.73205081]
[-1.66666667 -1.1055416 ]
[-2.00000000e+00 -4.99600361e-15]
[-1.79076044  0.89060487]
[-1.          1.73205081]
[-0.12409377  1.99614647]
[1.         1.73205081]
[1.66666667 1.1055416 ]
[ 1.89538022 -0.44530244]
[-1.33333333 -1.4187962 ]
[-0.56204689  1.86409864]
[ 1.33333333 -0.31325461]
[-0.93795311 -0.99807324]
[-0.39538022  1.31132784]
[1.00000000e+00 2.08166817e-15]
[ 0.5       -0.8660254]
[-0.5       -0.8660254]
[-1.0000000e+00 -3.1918912e-15]
[-0.5        0.8660254]
[0.5       0.8660254]
[ 0.89538022 -0.44530244]
[0.83333333 0.5527708 ]
[-0.06204689  0.99807324]
[-0.89538022  0.44530244]
[-0.83333333 -0.5527708 ]
[ 0.06204689 -0.99807324]
[0.93795311 0.99807324]
[-0.33333333 -1.4187962 ]
[ 1.06204689 -0.99807324]
[1.39538022 0.42072297]
[0.33333333 1.4187962 ]
[-1.06204689  0.99807324]
[-1.39538022 -0.42072297]
[0.60461978 1.31132784]
[-0.04257289 -1.44337567]
[1.43795311 0.13204783]
[-1.22871355  0.75855704]
[1.27128645 0.68481863]
[ 0.83333333 -1.17928001]
[-0.83333333  1.17928001]
[-1.43795311 -0.13204783]
[-0.10461978 -0.44530244]
[ 0.95742711 -1.44337567]
[ 1.29076044 -0.02457947]
[-1.16666667  0.5527708 ]
[-1.5       -0.8660254]
[0.10461978 0.44530244]
[ 1.16666667 -0.5527708 ]
[1.5       0.8660254]
[-0.95742711  1.44337567]
[-1.29076044  0.02457947]
[0.43795311 0.13204783]
[ 0.10461978 -1.28674837]
[ 1.5       -0.8660254]
[0.77128645 1.55084403]
[-0.62409377  1.13012107]
[ 0.33333333 -0.31325461]
[ 6.93889390e-15 -1.73205081e+00]
[1.72871355 0.10746836]
[0.66666667 1.1055416 ]
[-1.06204689 -0.73397757]
[-0.33333333  0.31325461]
[-0.66666667 -1.1055416 ]
[1.06204689 0.73397757]
[-3.66373598e-15  1.73205081e+00]
[-1.72871355 -0.10746836]
[-0.43795311 -0.13204783]
[-0.77128645 -1.55084403]
[ 0.62409377 -1.13012107]
[-0.10461978  1.28674837]
[-1.5        0.8660254]
[-0.39538022 -0.42072297]
[ 0.66666667 -1.4187962 ]
[-1.45742711  0.57735027]
[2.39538022 0.42072297]
[0.27128645 2.41686944]
[-0.56204689  0.13204783]
[ 1.56204689 -1.86409864]
[2.22871355 0.97349376]
[-0.16666667  0.5527708 ]
[1.22871355 0.97349376]
[-1.56204689  0.13204783]
[-0.83333333 -2.28482161]
[ 1.95742711 -1.44337567]
[0.39538022 0.42072297]
[-2.06204689  0.99807324]
[ 0.56204689 -0.13204783]
[0.89538022 1.28674837]
[-1.56204689  1.86409864]
[-2.22871355 -0.97349376]
[ 0.16666667 -0.5527708 ]
[ 0.60461978 -0.42072297]
[-0.66666667 -0.31325461]
[-0.06204689 -0.73397757]
[-0.27128645 -0.68481863]
[0.06204689 0.73397757]
[ 1.22871355 -0.75855704]
[0.83333333 2.28482161]
[1.83333333 0.5527708 ]
[-0.60461978 -1.31132784]
[-0.27128645 -2.41686944]
[-1.95742711  1.44337567]
[-2.39538022 -0.42072297]
[-1.27128645 -0.68481863]
[ 0.56204689 -1.86409864]
[ 0.39538022 -1.31132784]
[0.04257289 1.44337567]
[-0.43795311 -1.86409864]
[0.37590623 1.13012107]
[-0.45742711  0.57735027]
[-1.16666667 -0.23951619]
[-0.79076044 -0.84144593]
[-0.33333333  1.1055416 ]
[ 1.12409377 -0.26409566]
[ 0.22871355 -1.55084403]
[0.72871355 0.10746836]
[ 0.79076044 -0.89060487]
[-1.33333333  0.31325461]
[1.89538022 1.28674837]
[-1.39538022  1.31132784]
[1.33333333 1.4187962 ]
[-1.89538022  0.44530244]
[ 0.16666667 -2.28482161]
[1.95742711 0.28867513]
[-0.66666667  1.4187962 ]
[0.66666667 0.31325461]
[ 1.56204689 -0.13204783]
[-1.83333333 -0.5527708 ]
[-1.22871355 -0.97349376]
[-0.72871355 -1.83951917]
[ 1.45742711 -0.57735027]
[0.16666667 1.971567  ]