NODES
0 0.8660254037844386 -0.5
1 1.7320508075688772 4.964778590024975e-18
2 0.8660254037844385 0.49999999999999994
3 0.0 0.0
4 1.443375672974064 0.9574271077563383
5 0.4453024372907486 0.8953802205448359
6 0.9980732356833155 0.06204688721150281
7 -1.1102230246251565e-16 -1.0
8 1.7320508075688774 -1.0
9 0.5773502691896258 0.45742710775633805
10 1.3113278410751872 0.3953802205448359
11 -2.220446049250313e-16 1.0
12 1.732050807568877 1.0
13 0.5773502691896252 1.457427107756338
14 1.8640986394677541 0.5620468872115032
15 -0.5527707983925669 0.8333333333333331
16 0.552770798392567 -0.8333333333333331
17 0.7339775718855617 -0.062046887211502144
18 1.286748370278128 -0.8953802205448356
19 0.8906048745814974 1.7907604410896716
20 1.9961464713666315 0.12409377442300512
21 0.8660254037844386 -1.5
22 1.5508440340758822 0.22871355387816897
23 0.3132546053918718 0.33333333333333315
24 -0.13204783189887703 -0.5620468872115022
25 0.42072296649368945 -1.3953802205448356
26 1.061867081413308 0.4806355272492986
27 1.8003047937377619 -0.8565417528262935
28 0.8660254037844384 1.5
29 -0.10746836110181812 0.7287135538781687
30 1.418796202177006 -0.3333333333333329
31 -0.1320478318988768 0.4379531127884977
32 0.42072296649368934 -0.39538022054483557
33 0.1146909641474333 1.1599216315710126
34 1.6419393142185026 1.130838809518659
35 2.598076211353316 -0.49999999999999983
36 2.598076211353316 0.5000000000000002
37 1.8886781102648127 1.8528073283011741
38 2.44144890865738 1.0194739949678413
39 0.44530243729074837 -0.10461977945516415
40 -0.4207229664936897 0.3953802205448352
41 1.026782726215109 1.7089407122062994
42 1.1505705186445165 0.1864395083385365
43 -0.42072296649369034 1.3953802205448356
44 -0.10746836110181837 1.728713553878169
45 1.4187962021770049 0.6666666666666672
46 1.9933774334396812 -0.03474956896617698
47 0.7367466098125118 -0.9032035438223202
48 0.13204783189887737 -0.4379531127884977
49 0.9980732356833153 1.0620468872115028
50 0.13204783189887648 0.5620468872115023
51 1.5508440340758827 -0.7712864461218303
52 0.3132546053918732 -0.6666666666666674
53 -0.5527707983925673 -0.16666666666666696
54 0.58148028892436 -0.18643950833853606
55 0.7052680813537677 -1.7089407122062994
56 2.1773532448596256 -0.10461977945516401
57 1.1792800091763112 -0.1666666666666664
58 2.41686943786032 -0.2712864461218304
59 1.022652706480374 1.352807328301174
60 1.5754235048729412 0.5194739949678409
61 1.1588305581139857 1.2709875994178021
62 1.2826183505433941 -0.25151360444996085
63 1.3286847088266311 -0.20249452381467423
64 -0.19856364124443837 -0.17341170176232082
65 0.7585570426826207 1.2287135538781693
66 2.2848216059614437 0.16666666666666674
67 0.3160236433188215 0.49217667672251497
68 1.572654466945991 1.360630651578659
69 1.3113278410751876 -0.6046197794551642
70 1.6000029756700003 -0.5620468872115021
71 2.062662280712192 -0.26454141102617684
72 0.5354139306411229 -0.23545858897382294
73 1.756630278365936 1.2907604410896716
74 1.9961464713666306 1.124093774423005
75 2.1527737740625668 -1.3953802205448356
76 0.5527707983925672 0.16666666666666705
77 0.9953041977563655 0.9032035438223208
78 -0.261326625870804 0.03474956896617709
79 2.7301240432521925 1.0620468872115039
80 1.0226527064803743 2.3528073283011737
81 1.5754235048729406 1.519473994967841
82 0.3815085915607563 0.4767915805070393
83 -0.35692912076369815 1.8139688605826318
84 1.6000029756700007 0.4379531127884975
85 1.8640986394677546 1.5620468872115032
86 1.6682569618388854 -0.4185886400377956
87 0.9298192495144306 0.9185886400377967
88 2.1527737740625663 -0.39538022054483507
89 0.8906048745814975 0.7907604410896717
90 2.86217187515107 0.624093774423006
91 0.11469096414743352 0.1599216315710128
92 1.6419393142185028 0.13083880951865934
93 0.4522014949524331 0.410356947839143
94 1.8326201110090106 -0.24369028117247582
95 1.1273520296552424 0.4652504310338228
96 -0.1292787939719271 -0.40320354382232043
97 1.4475056927087988 0.31356049166146366
98 1.5712934851382065 -1.2089407122062994
99 1.061867081413308 1.4806355272492986
100 1.8003047937377619 0.14345824717370642
101 0.2845451148600785 -0.31356049166146394
102 0.1607573224306703 1.208940712206299
103 1.2798493126164447 -0.41035694783914256
104 -0.10056930344013304 0.24369028117247504
105 0.6046987779136349 -0.4652504310338229
106 1.861329601540804 0.40320354382232104
107 1.9278924851977466 0.9806355272492986
108 2.6663301975222007 -0.35654175282629363
109 0.9807163679318729 0.6599216315710138
110 2.507964718002941 0.6308388095186591
111 1.1505705186445165 -0.8135604916614634
112 1.026782726215109 0.7089407122062992
113 1.9933774334396808 0.965250431033823
114 0.7367466098125115 0.0967964561776799
115 1.2475339953451954 -0.023208419492960486
116 0.5090962830207406 1.313968860582632
117 2.1947101126110695 0.29750547618532647
118 0.6674617625400001 0.32658829823767904
119 2.0248559618984245 1.7709875994178017
120 2.148643754327832 0.24848639555003893
121 2.4386798707304296 0.8606306515786589
122 1.1820490471032619 -0.00782332327748507
123 1.3924785545566232 1.2160941162231218
124 0.6036679168100076 -0.09200034180011685
125 1.1966368769277538 0.23545858897382316
126 -0.33061147314331574 0.26454141102617706
127 1.4406066350471143 0.7985837643671564
128 0.18397581141994468 -0.069870210488987
129 0.6411441149196171 1.8760157477941348
130 1.3795818272440719 0.5388384677185423
131 0.8022315580544462 -0.9185886400377958
132 0.06379384572999214 0.41858864003779633
133 0.05089711841744132 -0.2586670084667841
134 0.839707756164056 1.0494274495564555
135 1.5795535246076762 0.8756073788729664
136 1.7033413170370832 -0.6468938249947969
137 0.2467387960463101 0.7219685187825149
138 1.7739871461173797 0.6928856967301618
139 -0.41382390883200576 -0.0896430521608571
140 0.9665947072245717 -0.7436902811724766
141 2.6986455147934496 -0.7436902811724763
142 1.3182268987368726 -0.08964305216085677
143 0.3815085915607562 -0.5232084194929607
144 -0.35692912076369765 0.8139688605826316
145 1.5726544669459916 0.36063065157865926
146 0.31602364331882227 -0.5078233232774849
147 1.5071695187040561 1.3760157477941346
148 2.2456072310285107 0.03883846771854238
149 1.8928081299995478 1.2089407122062994
150 2.0165959224289556 -0.3135604916614632
151 2.2585039583410613 0.7160941162231225
152 1.4696933205944458 -0.592000341800117
153 0.8975039322431816 1.305737168383979
154 2.2779225482997587 0.6516899393723599
155 0.41382390883200465 0.08964305216085672
156 -0.9665947072245722 0.7436902811724764
157 0.7654561003443051 0.7436902811724765
158 2.1458747164008822 0.089643052160857
159 1.158830558113985 2.2709875994178024
160 1.2826183505433937 0.7484863955500392
161 1.3286847088266307 0.7975054761853257
162 -0.19856364124443926 0.8265882982376792
163 1.112764199830749 1.221968518782516
164 2.640012549901818 1.1928856967301626
165 2.8594028372241196 0.46525043103382313
166 1.6027720135969503 -0.4032035438223197
167 0.8975039322431824 0.30573716838397913
168 2.27792254829976 -0.3483100606276397
169 0.91692252220188 0.24133299153321652
170 1.7057331599484948 1.549427449556456
171 0.39440531887330726 1.1540472290116197
172 -0.39440531887330704 -0.1540472290116195
173 -0.3944053188733072 -1.1540472290116195
174 0.394405318873307 0.1540472290116195
175 0.15249728296120135 -0.8756073788729658
176 0.028709490531793176 0.6468938249947968
177 -0.017356867751443628 0.5978747443595103
178 1.509891482319626 0.5687919223071567
179 1.548074996148932 0.06987021048898734
180 0.29144417252176225 -0.7985837643671564
181 1.4825900479069967 0.08525530670446324
182 2.2210277602314514 -1.2519219733711293
183 1.0489703541007565 0.803379878744719
184 1.8377809918473718 2.111474336767958
185 1.837780991847372 1.1114743367679578
186 1.048970354100757 -0.19662012125528047
187 0.4522014949524342 -0.5896430521608567
188 1.8326201110090103 -1.2436902811724764
189 1.1273520296552426 -0.5347495689661772
190 -0.129278793971927 -1.4032035438223198
191 1.4475056927087986 -0.6864395083385362
192 1.5712934851382063 -2.2089407122062994
193 1.3550023564470126 -0.7519219733711298
194 0.616564644122559 0.5852553067044632
195 0.7995095944388769 0.8886351854491814
196 2.326757944509946 0.8595523633968285
197 -0.10056930344013337 1.2436902811724764
198 1.2798493126164436 0.589643052160857
199 1.260430722657746 0.6540472290116196
200 0.4716200849111319 -0.6540472290116194
201 -0.6820495923644937 0.4301297895110128
202 0.5745812312626751 1.298583764367156
203 0.8947348943162323 1.1468938249947966
204 1.01852268674564 -0.3756073788729659
205 -0.8833822715358826 0.09787474435951003
206 0.6438660785351875 0.06879192230715649
207 0.6165646441225587 -0.41474469329553687
208 1.355002356447013 -1.7519219733711293
209 -0.3306114731433159 -0.7354585889738231
210 1.1966368769277538 -0.7645414110261767
211 0.1607573224306703 2.208940712206299
212 0.28454511486007783 0.6864395083385365
213 1.861329601540804 1.403203543822321
214 0.6046987779136346 0.5347495689661771
215 0.08837331652705066 1.7093490811274676
216 0.8268110288515054 0.3721718010518751
217 0.8373159132526458 -1.1468938249947966
218 0.7135281208232376 0.3756073788729661
219 2.4141003999333717 -0.4301297895110128
220 1.1574695763062013 -1.2985837643671556
221 -0.8833822715358821 1.09787474435951
222 0.6438660785351872 1.068791922307157
223 0.06379384572999203 1.4185886400377965
224 0.8022315580544466 0.08141135996220394
225 2.0165959224289556 -1.3135604916614634
226 1.892808129999548 0.2089407122062995
227 1.6027720135969503 0.5967964561776804
228 2.8594028372241205 1.465250431033823
229 1.692836432635944 0.8721718010518753
230 0.9543987203114896 2.209349081127468
231 3.192783348294385 0.3595523633968283
232 1.6655349982233156 0.38863518544918274
233 0.03147852845874344 0.805737168383979
234 1.4118971445153203 0.15168993937235964
235 1.3924785545566225 0.2160941162231223
236 0.6036679168100085 -1.0920003418001167
237 0.641144114919618 0.8760157477941344
238 1.3795818272440719 -0.4611615322814577
239 0.5745812312626759 0.29858376436715584
240 -0.6820495923644925 -0.569870210488988
241 0.8397077561640559 2.0494274495564557
242 0.050897118417441045 0.7413329915332165
243 0.08837331652705105 2.7093490811274674
244 0.8268110288515049 1.3721718010518749
245 0.8373159132526449 -0.14689382499479675
246 0.7135281208232365 1.3756073788729664
247 2.4141003999333703 0.5698702104889877
248 1.1574695763062008 -0.2985837643671556
249 0.24673879604630988 1.721968518782515
250 1.77398714611738 1.6928856967301613
251 0.799509594438877 -0.11136481455081815
252 2.3267579445099464 -0.14044763660317128
253 0.8947348943162322 0.1468938249947972
254 1.0185226867456412 -1.3756073788729668
255 1.763529336027621 0.8057371683839794
256 3.143947952084197 0.15168993937236053
257 2.70380639563181 1.6114743367679587
258 1.9149957578851957 0.30337987874471894
EDGES
0 1
0 2
0 3
0 7
0 8
0 9
0 10
0 21
0 22
0 23
0 24
0 25
0 26
0 27
0 91
0 92
0 93
0 94
0 95
0 96
0 97
0 98
1 2
1 35
1 4
1 36
1 8
1 107
1 12
1 108
1 109
1 110
1 111
1 17
1 18
1 112
1 113
1 114
2 3
2 11
2 12
2 13
2 14
2 28
2 29
2 30
2 31
2 32
2 33
2 34
2 99
2 100
2 101
2 102
2 103
2 104
2 105
2 106
3 5
3 6
3 7
3 11
3 15
3 16
4 121
4 5
4 6
4 37
4 38
4 9
4 13
4 19
4 20
4 115
4 116
4 117
4 118
4 119
4 122
4 120
5 128
5 129
5 130
5 6
5 10
5 15
5 17
5 19
5 39
5 40
5 41
5 42
5 43
5 44
5 45
5 123
5 124
5 125
5 126
5 127
6 131
6 132
6 133
6 134
6 135
6 136
6 137
6 138
6 14
6 16
6 18
6 20
6 46
6 47
6 48
6 49
6 50
6 51
6 52
7 39
7 139
7 140
7 53
7 21
7 54
7 55
8 35
8 141
8 46
8 47
8 142
8 21
8 56
8 57
8 58
9 64
9 40
9 13
9 143
9 48
9 144
9 145
9 146
9 22
9 59
9 60
9 61
9 62
9 63
10 147
10 148
10 149
10 150
10 23
10 151
10 152
10 153
10 154
10 39
10 56
10 59
10 65
10 66
10 67
10 68
10 69
10 70
10 71
10 72
10 73
10 74
11 76
11 77
11 78
11 49
11 156
11 155
11 28
12 65
12 36
12 66
12 41
12 42
12 79
12 28
12 157
12 158
13 160
13 161
13 67
13 68
13 162
13 43
13 80
13 81
13 50
13 82
13 83
13 29
13 159
14 30
14 163
14 164
14 165
14 166
14 167
14 168
14 169
14 170
14 49
14 57
14 58
14 61
14 62
14 79
14 81
14 85
14 86
14 87
14 88
14 89
14 90
15 171
15 44
15 172
15 82
15 83
15 53
15 23
16 64
16 76
16 173
16 174
16 51
16 30
16 63
17 70
17 45
17 77
17 78
17 175
17 176
17 18
17 177
17 84
17 178
17 86
17 87
17 24
17 31
18 32
18 71
18 72
18 75
18 179
18 52
18 180
18 54
18 55
18 88
18 25
18 181
18 182
19 33
19 34
19 37
19 73
19 44
19 85
19 183
19 184
19 89
20 69
20 38
20 90
20 186
20 74
20 51
20 185
20 26
20 27
21 192
21 69
21 51
21 52
21 187
21 188
21 189
21 190
21 191
22 193
22 194
22 195
22 196
22 74
22 76
22 49
22 51
22 58
22 123
22 124
23 24
23 49
23 52
23 53
23 57
23 65
23 197
23 198
23 199
23 200
23 201
23 202
23 203
23 204
23 115
23 116
24 131
24 132
24 40
24 76
24 205
24 206
24 25
24 31
25 32
25 207
25 48
25 208
25 209
25 210
26 99
26 132
26 107
26 207
26 147
26 116
26 185
26 91
27 131
27 100
27 108
27 208
27 115
27 148
27 186
27 92
28 197
28 198
28 45
28 44
28 211
28 212
28 85
28 213
28 214
29 65
29 133
29 134
29 39
29 44
29 205
29 206
29 53
29 215
29 216
29 89
30 32
30 39
30 45
30 58
30 187
30 188
30 66
30 199
30 200
30 76
30 217
30 218
30 219
30 220
30 117
30 118
31 32
31 224
31 43
31 221
31 222
31 223
32 193
32 194
32 50
32 53
32 126
32 125
33 99
33 163
33 109
33 118
33 183
33 91
33 221
33 126
34 100
34 164
34 110
34 117
34 184
34 92
34 125
34 222
35 225
35 226
35 36
35 165
35 70
35 166
35 75
36 227
36 228
36 84
36 149
36 150
36 88
37 163
37 164
37 38
37 229
37 230
37 80
37 59
38 231
38 232
38 81
38 147
38 148
38 60
39 40
39 53
39 69
39 209
39 210
39 89
39 233
39 234
39 235
39 236
39 237
39 238
39 111
39 112
40 101
40 102
40 43
40 76
40 239
40 48
40 240
41 102
41 135
41 112
41 211
41 149
41 119
41 157
41 127
42 128
42 101
42 136
42 111
42 212
42 150
42 120
42 158
43 201
43 202
43 50
43 211
43 212
44 65
44 241
44 242
44 243
44 244
44 221
44 222
45 66
45 76
45 85
45 245
45 246
45 248
45 94
45 247
45 93
46 165
46 135
46 141
46 113
46 121
46 127
46 189
46 95
47 96
47 128
47 166
47 136
47 142
47 114
47 122
47 190
48 217
48 50
48 218
48 189
48 190
49 50
49 74
49 76
49 85
49 223
49 224
49 233
49 234
49 113
49 114
49 241
49 242
49 249
49 250
50 96
50 53
50 245
50 246
50 95
51 235
51 236
51 207
51 208
51 58
51 251
51 252
52 69
52 103
52 104
52 239
52 240
52 53
52 57
52 253
52 254
53 173
53 174
53 143
53 144
53 175
53 176
53 155
53 156
54 97
54 139
54 112
54 176
54 179
54 191
55 192
55 98
55 140
55 111
55 175
55 180
56 256
56 121
56 69
56 122
56 57
56 90
56 255
57 128
57 89
57 88
57 157
57 158
57 127
58 231
58 232
58 181
58 151
58 152
58 182
58 90
59 74
59 137
59 138
59 80
59 215
59 216
59 60
60 237
60 238
60 251
60 81
60 252
61 97
61 102
61 167
61 145
61 119
61 218
61 159
62 160
62 98
62 101
62 168
62 146
62 120
62 217
63 161
63 138
63 174
63 143
63 117
63 252
64 162
64 137
64 173
64 144
64 118
64 251
65 229
65 230
65 73
65 169
65 170
65 177
65 178
66 70
66 135
66 136
66 74
66 141
66 79
66 142
67 96
67 160
67 105
67 201
67 146
67 153
67 122
68 159
68 106
68 202
68 145
68 121
68 154
68 95
69 225
69 226
69 167
69 168
69 145
69 146
70 105
70 75
70 106
70 84
70 253
70 254
71 138
71 110
71 178
71 210
71 182
71 151
71 125
72 137
72 109
72 177
72 209
72 181
72 152
72 126
73 257
73 258
73 109
73 110
73 79
73 89
74 99
74 100
74 183
74 184
74 90
75 192
75 88
75 219
75 220
75 191
76 161
76 162
76 139
76 140
76 171
76 172
76 179
76 180
77 106
77 176
77 113
77 179
77 213
77 155
78 105
78 175
78 114
78 180
78 214
78 156
79 256
79 85
79 119
79 120
79 255
80 81
80 243
80 244
80 249
80 250
81 129
81 130
81 195
81 196
81 89
82 161
82 130
82 172
82 143
82 115
82 244
83 129
83 162
83 171
83 144
83 243
83 116
84 203
84 204
84 213
84 214
84 88
85 160
85 227
85 228
85 153
85 154
85 159
86 224
86 130
86 131
86 169
86 108
86 178
86 182
87 129
87 132
87 170
87 107
87 177
87 181
87 223
88 97
88 98
88 247
88 248
89 185
89 186
89 91
89 92
90 257
90 258
90 107
90 108
91 195
91 186
91 109
91 205
91 209
92 185
92 196
92 110
92 206
92 210
93 97
93 96
93 197
93 139
93 142
93 246
93 248
93 153
93 187
94 98
94 198
94 140
94 141
94 245
94 247
94 154
94 188
94 95
95 202
95 113
95 246
95 189
96 201
96 114
96 245
96 190
97 203
97 149
97 247
97 191
98 192
98 248
98 204
98 150
99 194
99 107
99 215
99 184
99 223
100 224
100 193
100 108
100 183
100 216
101 103
101 111
101 240
101 212
101 217
102 104
102 239
102 112
102 211
102 218
103 198
103 168
103 106
103 239
103 254
103 155
103 188
103 158
104 197
104 167
104 105
104 240
104 253
104 187
104 156
104 157
105 166
105 214
105 220
105 254
106 165
106 213
106 219
106 253
107 257
107 109
107 181
108 258
108 110
108 182
109 258
109 177
110 257
110 178
111 225
111 234
111 175
111 114
111 150
112 226
112 233
112 176
112 113
112 149
113 228
113 165
113 234
113 179
114 227
114 166
114 233
114 180
115 131
115 229
115 200
115 143
115 148
115 117
116 132
116 230
116 199
116 144
116 147
116 118
117 161
117 164
117 199
117 231
117 125
118 162
118 163
118 200
118 232
118 126
119 255
119 135
119 121
119 159
120 160
120 256
120 136
120 122
121 256
121 145
121 127
122 128
122 146
122 255
123 129
123 194
123 196
123 171
123 235
123 241
123 151
123 184
123 125
124 193
124 130
124 195
124 172
124 236
124 242
124 183
124 152
124 126
125 193
125 210
125 222
126 194
126 209
126 221
127 202
127 239
127 247
127 158
128 201
128 240
128 248
128 157
129 195
129 237
129 147
129 243
130 196
130 238
130 148
130 244
131 224
131 133
131 206
131 208
132 134
132 205
132 207
132 223
133 169
133 137
133 236
133 173
133 205
133 242
133 216
133 186
134 170
134 138
134 235
134 174
134 206
134 241
134 215
134 185
135 142
135 246
135 218
135 253
136 141
136 245
136 217
136 254
137 163
137 251
137 215
137 249
138 164
138 216
138 250
138 252
139 233
139 180
139 187
139 156
140 234
140 179
140 155
140 188
141 256
141 158
141 188
142 157
142 187
142 255
143 193
143 173
143 238
143 216
144 194
144 237
144 174
144 215
145 168
145 239
145 189
146 167
146 240
146 190
147 230
147 232
147 237
147 151
148 229
148 231
148 238
148 152
149 226
149 228
149 203
149 153
150 225
150 227
150 204
150 154
151 257
151 199
151 231
151 170
151 235
151 181
152 258
152 169
152 200
152 232
152 236
152 182
153 227
153 197
153 255
153 167
153 233
153 159
154 160
154 256
154 228
154 198
154 168
154 234
155 198
155 234
155 175
156 197
156 233
156 176
157 197
157 255
158 256
158 198
159 211
159 246
160 212
160 245
161 196
161 171
161 206
161 250
162 195
162 172
162 205
162 249
163 230
163 232
163 169
163 249
164 229
164 231
164 170
164 250
165 226
165 228
165 168
165 219
166 225
166 227
166 167
166 220
167 226
167 233
167 187
167 255
168 256
168 225
168 234
168 188
169 258
169 229
169 200
169 177
169 242
170 257
170 199
170 230
170 241
170 178
171 199
171 174
171 241
172 200
172 173
172 242
173 200
173 236
174 199
174 235
175 204
175 245
175 254
176 203
176 246
176 253
177 205
177 221
178 206
178 222
179 239
179 247
179 219
180 240
180 248
180 220
181 194
181 207
182 193
182 208
183 258
183 242
183 186
184 257
184 241
184 185
185 257
185 235
186 258
186 236
187 220
187 218
187 190
187 191
188 192
188 217
188 219
188 189
189 239
189 218
190 240
190 217
191 226
191 219
191 253
192 225
192 220
192 254
193 224
193 208
194 207
194 223
195 232
195 251
195 249
196 231
196 252
196 250
197 201
197 203
197 211
197 214
198 202
198 204
198 212
198 213
201 240
201 212
202 239
202 211
203 213
203 253
204 214
204 254
205 209
205 221
206 210
206 222
207 235
207 209
208 236
208 210
209 236
210 235
211 246
212 245
213 228
213 247
214 227
214 248
215 230
215 237
215 243
216 229
216 238
216 244
217 245
218 246
219 247
220 248
221 223
221 242
222 224
222 241
223 241
224 242
225 254
226 253
227 248
228 247
229 244
230 243
231 252
232 251
235 237
235 252
236 238
236 251
237 251
238 252
241 243
241 250
242 244
242 249
243 249
244 250
DONE