NODES
4 1.7320508075688772 1.0605752387249068e-16
5 0.8660254037844386 0.5000000000000002
6 0.8660254037844388 -0.4999999999999997
3 0.0 0.0
0 0.9980732356833154 0.06204688721150248
2 0.44530243729074875 0.8953802205448356
1 1.443375672974064 0.9574271077563382
7 1.7320508075688774 1.0
8 1.7320508075688774 -1.0
9 1.2867483702781284 -0.8953802205448357
10 0.7339775718855617 -0.06204688721150259
11 0.7585570426826207 0.228713553878169
12 2.4168694378603206 0.7287135538781693
13 -1.6653345369377348e-16 1.0
14 1.8640986394677541 0.5620468872115023
15 1.3113278410751872 1.395380220544836
16 0.5773502691896256 1.4574271077563383
17 3.3306690738754696e-16 -1.0
18 1.8640986394677541 -0.437953112788497
19 1.3113278410751876 0.3953802205448361
20 0.5773502691896253 0.45742710775633827
21 0.5527707983925667 -0.8333333333333333
22 -0.5527707983925668 0.8333333333333333
23 1.9961464713666308 0.12409377442300501
24 0.8906048745814974 1.7907604410896716
25 2.598076211353316 0.49999999999999983
26 2.598076211353316 -0.4999999999999997
27 2.2848216059614437 -0.8333333333333331
28 1.1792800091763105 0.8333333333333333
29 1.0472321772774338 -0.728713553878169
30 2.7055445724551332 -0.22871355387816877
31 2.730124043252193 0.062046887211502255
32 2.1773532448596256 0.895380220544836
33 1.541700775437698 -0.9817162855263526
34 0.7431208305237458 0.1483829521930194
35 0.8660254037844388 1.5000000000000002
36 0.4207229664936897 -0.39538022054483557
37 -0.1320478318988768 0.4379531127884976
38 -0.1074683611018179 0.7287135538781693
39 1.5508440340758818 1.2287135538781695
40 1.418796202177005 -0.33333333333333326
41 0.3132546053918718 1.3333333333333335
42 1.6846430927899125 1.0743388192063439
43 1.1775287823611569 -0.4502450447833386
44 0.11469096414743318 1.1599216315710128
45 1.6419393142185028 1.1308388095186592
46 0.8660254037844386 -1.4999999999999996
47 0.42072296649368957 -1.3953802205448351
48 -0.13204783189887648 -0.5620468872115032
49 -0.10746836110181779 -0.27128644612183134
50 1.5508440340758818 0.2287135538781696
51 1.4187962021770055 -1.333333333333333
52 0.3132546053918721 0.33333333333333354
53 1.0618670814133075 0.48063552724929925
54 1.8003047937377623 -0.856541752826294
55 0.28867513459481287 -0.9574271077563381
56 0.11422029962117997 0.993455445983587
57 0.6443367430614407 -0.764741892105418
58 -0.8660254037844387 0.49999999999999983
59 -0.2886751345948128 0.9574271077563381
60 -0.8660254037844384 -0.5000000000000003
61 -0.4453024372907487 -0.8953802205448358
62 -0.9980732356833155 -0.06204688721150253
63 0.7323916724237812 1.0261077291421197
64 1.9977323708284116 0.03593915806938297
65 1.9933774334396812 -0.03474956896617709
66 0.7367466098125118 -0.9032035438223205
67 1.9715670005695718 -0.16666666666666652
68 0.3132546053918719 -0.6666666666666666
69 0.9980732356833153 1.0620468872115025
70 0.1320478318988767 0.5620468872115024
71 0.9980732356833159 -0.9379531127884975
72 0.1320478318988768 -0.43795311278849763
73 1.5508440340758822 -0.7712864461218307
74 1.0267827262151092 1.7089407122062992
75 1.1505705186445168 0.1864395083385364
76 1.4187962021770053 0.6666666666666665
77 -0.2395161930006947 0.16666666666666652
78 0.44530243729074903 1.8953802205448356
79 -0.4207229664936898 1.3953802205448356
80 0.44530243729074964 -0.10461977945516446
81 -0.42072296649369023 0.39538022054483624
82 -0.10746836110181782 1.728713553878169
83 1.4433756729740648 1.957427107756338
84 1.4433756729740645 -0.04257289224366176
85 0.4698819080878076 1.1861406616345072
86 2.1281943032655075 1.6861406616345074
87 0.7012891217213693 0.28712303462990874
88 0.7420865512526946 1.6703040731264294
89 2.309401076758503 1.457427107756338
90 2.309401076758503 0.45742710775633877
91 2.44144890865738 1.0194739949678406
92 1.888678110264813 1.852807328301174
93 1.2867483702781284 0.1046197794551644
94 0.7339775718855619 0.9379531127884975
95 0.7585570426826211 1.228713553878169
96 2.4168694378603206 1.7287135538781693
97 2.730124043252193 1.0620468872115019
98 2.177353244859626 1.895380220544836
99 2.4870670340780068 0.3442938938000386
100 1.1090824129586245 0.21775299341146437
101 2.2848216059614437 0.16666666666666663
102 1.482208240423759 0.0317135281114701
103 0.8271928363347438 1.4257135796448681
104 2.7154879380060506 0.8187504193729029
105 1.0127093409294576 0.30534335505010207
106 0.7521757708866155 0.8003880953276183
107 1.8704799112637593 1.9903723457620532
108 1.2867483702781286 -1.8953802205448356
109 0.7339775718855619 -1.0620468872115025
110 0.7585570426826211 -0.771286446121831
111 2.4168694378603206 -0.2712864461218307
112 1.1792800091763107 -0.1666666666666668
113 2.730124043252193 -0.9379531127884968
114 2.1773532448596264 -0.10461977945516418
115 1.0299904092929162 -1.7121174040652276
116 1.254831196668528 -0.12121592926810554
117 1.069244308883666 -0.2512092780351435
118 2.658952970051842 -0.6246969475418515
119 2.1527737740625668 -0.3953802205448357
120 0.7052680813537683 -1.7089407122062994
121 0.5814802889243605 -0.18643950833853606
122 2.1527737740625676 -1.3953802205448351
123 0.5354139306411234 -0.23545858897382282
124 2.0626622807121926 -0.26454141102617673
125 0.36038388506304975 -0.518751968109888
126 1.503714754404704 0.08079885532139058
127 0.8414459329873795 -1.7907604410896716
128 -0.2613266258708039 0.03474956896617698
129 0.9953041977563654 0.9032035438223204
130 0.929819249514431 0.9185886400377961
131 1.668256961838885 -0.41858864003779633
132 1.6000029756700003 0.43795311278849786
133 0.01356896463939028 0.631502994632357
134 1.2977588764357968 0.7638772259124785
135 0.9996591351450967 -1.0261077291421195
136 -0.2656815632595347 -0.03593915806938308
137 1.5525952608910352 0.5122919319948416
138 1.0454809504622808 -1.0122919319948411
139 1.6000029756700007 -0.562046887211502
140 -0.26585838456668576 -0.08015931899797402
141 1.5771862256418727 0.4755395395428097
142 1.5372250758247574 -0.6576922913031079
143 -0.25047670554662904 -0.23768792924172796
144 -0.26409566379775384 -0.1240937744230049
145 1.252703845940488 0.7928934923501914
146 1.4774201973117045 -0.730846605138689
147 -0.22038759506263772 0.02458762159663619
148 0.9789446377452582 1.2041259322815328
149 1.0756255806796717 1.1771161805154071
150 1.547030101470703 -0.38635573942573576
151 0.34473313385061544 1.139070501717312
152 1.7251517499071924 0.485023272705693
153 0.9680141226439436 -0.7491042878766622
154 -0.2094570799613225 -0.022182158245168893
155 1.7057331599484948 0.5494274495564557
156 0.91692252220188 -0.7586670084667837
157 1.311327841075188 -0.6046197794551638
158 1.4813928510735055 -0.4623062679127089
159 -0.17006500999831797 -0.14231351154245545
160 -0.18680921595768768 -0.09729662544822215
161 0.39259546024774145 1.1593435126597242
162 0.2057862442900541 1.0620468872115023
163 1.8640986394677532 1.562046887211502
164 1.4696933205944462 0.40799965819988315
165 2.2585039583410618 1.7160941162231218
166 2.830693346692326 -0.18164339396097373
167 1.4502747306357482 0.472403835050646
168 2.0998008998632702 -0.21968907275906913
169 1.6283963790722382 1.3437828471820747
170 2.969640236252887 -0.1046197794551641
171 -0.28867513459481325 1.9574271077563379
172 0.9453662586403082 1.3260101793263912
173 0.3659615824348795 0.06937004121844492
174 0.9174678035603754 1.3978100418919817
175 -0.34011753437075015 0.059617065864356666
176 0.5527707983925667 0.16666666666666674
177 -0.5527707983925669 1.8333333333333333
178 -0.08808316330951477 1.9961131242692214
179 0.9786880378910121 0.7946473168204502
180 1.5754235048729412 1.5194739949678404
181 1.2826183505433932 -0.25151360444996096
182 1.1588305581139862 1.2709875994178015
183 2.86217187515107 0.6240937744230046
184 0.8906048745814975 0.7907604410896716
185 1.0226527064803743 2.352807328301174
186 1.5770094043347214 0.4313193786142191
187 0.3116687059300911 1.4214879496869552
188 2.2628714722892047 1.087866451916434
189 1.0446028401526135 0.43160754305140697
190 1.7566302783659358 2.290760441089672
191 1.5726544669459914 1.3606306515786593
192 0.31602364331882193 0.4921766767225153
193 0.38150859156075656 0.4767915805070396
194 -0.35692912076369776 1.8139688605826318
195 1.1301210675821922 0.6240937744230048
196 0.024579470797058578 2.2907604410896716
197 -0.28867513459481303 -0.04257289224366212
198 0.5527707983925672 -1.8333333333333333
199 -0.5527707983925666 -0.1666666666666668
200 1.5754235048729408 0.5194739949678409
201 2.86217187515107 -0.3759062255769946
202 1.022652706480374 1.3528073283011741
203 1.5207849210365096 -0.5824376212099951
204 0.3433137184312446 0.1444845084214979
205 1.996146471366631 1.124093774423005
206 1.7566302783659364 1.290760441089672
207 1.3286847088266307 -0.2024945238146741
208 -0.1985636412444387 -0.17341170176232096
209 -0.24126741981584854 -0.11691171145000545
210 0.2658468906129069 1.4076721525396771
211 1.130121067582192 -0.3759062255769949
212 0.02457947079705869 1.2907604410896716
EDGES
0 1
0 2
0 3
0 9
0 14
0 18
0 21
0 23
0 63
0 64
0 65
0 66
0 67
0 68
0 69
0 70
0 71
0 72
0 73
1 2
1 4
1 11
1 12
1 16
1 20
1 23
1 24
1 83
1 84
1 85
1 86
1 87
1 88
1 89
1 90
1 91
1 92
2 3
2 10
2 74
2 75
2 76
2 77
2 15
2 78
2 79
2 80
2 19
2 81
2 82
2 22
2 24
3 5
3 6
3 13
3 17
3 21
3 22
3 55
3 56
3 57
3 58
3 59
3 60
3 61
3 62
4 5
4 6
4 7
4 8
4 9
4 10
4 11
4 12
4 25
4 26
4 27
4 28
4 29
4 30
4 31
4 32
4 33
4 34
5 6
5 7
5 13
5 14
5 15
5 16
5 35
5 36
5 37
5 38
5 39
5 40
5 41
5 42
5 43
5 44
5 45
6 8
6 46
6 47
6 48
6 17
6 18
6 19
6 20
6 49
6 50
6 51
6 52
6 53
6 54
7 25
7 35
7 63
7 64
7 74
7 75
7 83
7 93
7 94
7 95
7 96
7 97
7 98
7 99
7 100
7 101
7 102
7 103
7 104
7 105
7 106
7 107
8 65
8 66
8 108
8 109
8 46
8 110
8 111
8 112
8 113
8 114
8 84
8 115
8 116
8 117
8 118
8 26
9 10
9 27
9 36
9 47
9 55
9 67
9 68
9 93
9 108
9 119
9 120
9 121
9 122
9 123
9 124
9 125
9 126
9 127
10 128
10 129
10 130
10 131
10 132
10 133
10 134
10 135
10 136
10 137
10 138
10 139
10 140
10 141
10 142
10 143
10 144
10 145
10 146
10 28
10 37
10 48
10 55
10 76
10 77
10 94
10 109
11 147
11 148
11 149
11 150
11 151
11 152
11 153
11 154
11 155
11 156
11 29
11 157
11 158
11 159
11 160
11 161
11 162
11 38
11 49
11 56
11 57
11 68
11 77
11 85
11 95
11 110
12 96
12 67
12 163
12 164
12 39
12 165
12 166
12 167
12 168
12 76
12 169
12 170
12 111
12 50
12 86
12 30
13 128
13 129
13 147
13 148
13 35
13 171
13 172
13 173
13 174
13 175
13 176
13 177
13 178
13 179
13 58
13 69
13 78
13 87
13 88
14 130
14 131
14 15
14 18
14 149
14 150
14 31
14 163
14 40
14 180
14 181
14 182
14 183
14 184
14 69
14 89
14 97
14 111
14 112
14 119
15 132
15 19
15 151
15 152
15 32
15 164
15 165
15 41
15 185
15 186
15 187
15 188
15 189
15 190
15 78
15 89
15 98
16 133
16 134
16 20
16 38
16 39
16 171
16 180
16 185
16 59
16 191
16 192
16 193
16 194
16 195
16 196
16 70
16 79
16 83
17 153
17 197
17 71
17 135
17 136
17 198
17 199
17 46
17 80
17 120
17 121
17 154
17 60
18 137
18 138
18 19
18 155
18 156
18 31
18 166
18 167
18 51
18 71
18 200
18 201
18 90
18 99
18 100
18 113
18 122
19 139
19 157
19 32
19 168
19 169
19 172
19 173
19 52
19 191
19 192
19 202
19 203
19 204
19 205
19 206
19 80
19 90
19 95
19 101
19 114
19 123
19 124
20 140
20 141
20 174
20 175
20 49
20 50
20 181
20 182
20 186
20 59
20 187
20 197
20 72
20 200
20 202
20 207
20 208
20 81
20 209
20 210
20 84
20 211
20 212
20 102
20 103
20 125
20 126
21 142
21 143
21 158
21 159
21 33
21 34
21 40
21 176
21 51
21 61
21 198
21 73
21 203
21 204
21 207
21 208
21 115
21 116
21 127
22 160
22 161
22 193
22 194
22 199
22 41
22 144
22 177
22 82
22 209
22 52
22 210
22 62
23 145
23 146
23 27
23 157
23 42
23 43
23 170
23 53
23 54
23 183
23 188
23 189
23 195
23 73
23 201
23 205
23 211
23 91
23 104
23 105
23 117
23 118
24 162
24 163
24 196
24 106
24 107
24 44
24 45
24 206
24 92
24 82
24 178
24 179
24 212
24 184
24 28
24 190
25 132
25 119
25 89
25 26
26 122
26 139
26 90
27 101
27 40
27 170
27 51
27 157
27 31
28 32
28 162
28 163
28 41
28 112
28 52
31 32
31 97
31 91
31 113
32 98
32 92
32 114
35 163
35 76
35 82
36 37
36 70
36 40
36 199
36 47
36 93
36 61
37 41
37 79
37 48
37 94
37 62
38 199
38 49
38 80
38 82
38 184
38 95
39 96
39 50
40 195
40 101
40 76
40 109
40 111
40 80
40 176
40 51
41 196
41 177
41 52
46 68
46 73
46 157
47 72
47 108
47 48
47 51
47 61
48 109
48 176
48 81
48 52
48 62
49 110
50 69
50 73
50 205
50 111
50 176
51 198
51 211
52 68
52 69
52 199
52 112
52 212
52 93
52 95
55 144
55 127
58 70
58 79
58 60
59 197
59 171
60 72
60 81
61 62
67 170
67 76
68 199
68 77
68 112
68 157
69 163
69 70
69 78
69 176
69 205
69 83
69 212
69 93
70 195
70 199
70 72
70 79
71 198
71 72
71 108
71 80
71 84
72 81
72 211
73 111
76 101
76 163
76 176
77 162
78 79
78 177
78 83
78 94
79 196
79 81
80 195
80 199
80 109
80 81
80 84
80 184
80 157
81 176
81 212
82 95
83 96
83 205
83 89
83 95
84 110
84 111
84 184
84 90
89 183
89 90
89 190
90 201
90 206
91 200
91 180
91 92
92 202
92 185
93 101
93 119
93 94
94 132
95 206
97 98
97 163
97 101
97 206
101 139
101 205
108 109
108 122
109 139
109 112
111 183
112 114
112 119
112 184
113 114
114 183
114 157
119 132
119 122
122 139
132 139
180 195
180 200
180 184
180 185
183 201
183 205
184 206
184 212
185 196
185 202
190 206
195 205
195 211
196 212
200 202
200 211
202 205
202 212
DONE