NODES
0 0.8660254037844386 -0.5
1 1.7320508075688772 4.964778590024975e-18
2 0.8660254037844385 0.49999999999999994
3 0.0 0.0
4 1.443375672974064 0.9574271077563383
5 0.4453024372907486 0.8953802205448359
6 0.9980732356833155 0.06204688721150281
7 -1.1102230246251565e-16 -1.0
8 1.7320508075688774 -1.0
9 0.5773502691896258 0.45742710775633805
10 1.3113278410751872 0.3953802205448359
11 -2.220446049250313e-16 1.0
12 1.732050807568877 1.0
13 0.5773502691896252 1.457427107756338
14 1.8640986394677541 0.5620468872115032
15 -0.5527707983925669 0.8333333333333331
16 0.552770798392567 -0.8333333333333331
17 0.7339775718855617 -0.062046887211502144
18 1.286748370278128 -0.8953802205448356
19 0.8906048745814974 1.7907604410896716
20 1.9961464713666315 0.12409377442300512
21 1.5508440340758822 0.22871355387816897
22 0.3132546053918718 0.33333333333333315
23 -0.13204783189887703 -0.5620468872115022
24 0.42072296649368945 -1.3953802205448356
25 1.061867081413308 0.4806355272492986
26 1.8003047937377619 -0.8565417528262935
27 -0.10746836110181812 0.7287135538781687
28 1.418796202177006 -0.3333333333333329
29 -0.1320478318988768 0.4379531127884977
30 0.42072296649368934 -0.39538022054483557
31 0.1146909641474333 1.1599216315710126
32 1.6419393142185026 1.130838809518659
33 2.598076211353316 -0.49999999999999983
34 2.598076211353316 0.5000000000000002
35 1.8886781102648127 1.8528073283011741
36 2.44144890865738 1.0194739949678413
37 0.44530243729074837 -0.10461977945516415
38 -0.4207229664936897 0.3953802205448352
39 1.026782726215109 1.7089407122062994
40 1.1505705186445165 0.1864395083385365
41 -0.42072296649369034 1.3953802205448356
42 1.4187962021770049 0.6666666666666672
43 1.9933774334396812 -0.03474956896617698
44 0.7367466098125118 -0.9032035438223202
45 0.13204783189887737 -0.4379531127884977
46 0.9980732356833153 1.0620468872115028
47 0.13204783189887648 0.5620468872115023
48 0.3132546053918732 -0.6666666666666674
49 -0.5527707983925673 -0.16666666666666696
50 0.58148028892436 -0.18643950833853606
51 0.7052680813537677 -1.7089407122062994
52 2.1773532448596256 -0.10461977945516401
53 1.1792800091763112 -0.1666666666666664
54 2.41686943786032 -0.2712864461218304
55 1.022652706480374 1.352807328301174
56 1.1588305581139857 1.2709875994178021
57 1.2826183505433941 -0.25151360444996085
58 1.3286847088266311 -0.20249452381467423
59 -0.19856364124443837 -0.17341170176232082
60 0.7585570426826207 1.2287135538781693
61 2.2848216059614437 0.16666666666666674
62 0.3160236433188215 0.49217667672251497
63 1.572654466945991 1.360630651578659
64 1.3113278410751876 -0.6046197794551642
65 1.6000029756700003 -0.5620468872115021
66 2.062662280712192 -0.26454141102617684
67 0.5354139306411229 -0.23545858897382294
68 1.756630278365936 1.2907604410896716
69 1.9961464713666306 1.124093774423005
70 0.5527707983925672 0.16666666666666705
71 0.9953041977563655 0.9032035438223208
72 -0.261326625870804 0.03474956896617709
73 2.7301240432521925 1.0620468872115039
74 1.5754235048729406 1.519473994967841
75 0.3815085915607563 0.4767915805070393
76 -0.35692912076369815 1.8139688605826318
77 1.8640986394677546 1.5620468872115032
78 1.6682569618388854 -0.4185886400377956
79 0.9298192495144306 0.9185886400377967
80 2.1527737740625663 -0.39538022054483507
81 0.8906048745814975 0.7907604410896717
82 2.86217187515107 0.624093774423006
83 0.11469096414743352 0.1599216315710128
84 1.6419393142185028 0.13083880951865934
85 0.4522014949524331 0.410356947839143
86 1.8326201110090106 -0.24369028117247582
87 1.1273520296552424 0.4652504310338228
88 -0.1292787939719271 -0.40320354382232043
89 1.4475056927087988 0.31356049166146366
90 1.5712934851382065 -1.2089407122062994
91 1.061867081413308 1.4806355272492986
92 1.8003047937377619 0.14345824717370642
93 0.2845451148600785 -0.31356049166146394
94 0.1607573224306703 1.208940712206299
95 1.2798493126164447 -0.41035694783914256
96 -0.10056930344013304 0.24369028117247504
97 0.6046987779136349 -0.4652504310338229
98 1.861329601540804 0.40320354382232104
99 1.9278924851977466 0.9806355272492986
100 2.6663301975222007 -0.35654175282629363
101 0.9807163679318729 0.6599216315710138
102 2.507964718002941 0.6308388095186591
103 1.1505705186445165 -0.8135604916614634
104 1.026782726215109 0.7089407122062992
105 1.9933774334396808 0.965250431033823
106 0.7367466098125115 0.0967964561776799
107 1.2475339953451954 -0.023208419492960486
108 0.5090962830207406 1.313968860582632
109 2.1947101126110695 0.29750547618532647
110 0.6674617625400001 0.32658829823767904
111 2.0248559618984245 1.7709875994178017
112 2.148643754327832 0.24848639555003893
113 2.4386798707304296 0.8606306515786589
114 1.1820490471032619 -0.00782332327748507
115 1.3924785545566232 1.2160941162231218
116 0.6036679168100076 -0.09200034180011685
117 1.1966368769277538 0.23545858897382316
118 -0.33061147314331574 0.26454141102617706
119 1.4406066350471143 0.7985837643671564
120 0.18397581141994468 -0.069870210488987
121 0.6411441149196171 1.8760157477941348
122 1.3795818272440719 0.5388384677185423
123 0.8022315580544462 -0.9185886400377958
124 0.06379384572999214 0.41858864003779633
125 0.05089711841744132 -0.2586670084667841
126 0.839707756164056 1.0494274495564555
127 1.5795535246076762 0.8756073788729664
128 1.7033413170370832 -0.6468938249947969
129 0.2467387960463101 0.7219685187825149
130 1.7739871461173797 0.6928856967301618
131 -0.41382390883200576 -0.0896430521608571
132 0.9665947072245717 -0.7436902811724766
133 0.3815085915607562 -0.5232084194929607
134 -0.35692912076369765 0.8139688605826316
135 1.5071695187040561 1.3760157477941346
136 2.2456072310285107 0.03883846771854238
137 1.8928081299995478 1.2089407122062994
138 2.0165959224289556 -0.3135604916614632
139 2.2585039583410613 0.7160941162231225
140 1.4696933205944458 -0.592000341800117
141 0.8975039322431816 1.305737168383979
142 2.2779225482997587 0.6516899393723599
143 0.41382390883200465 0.08964305216085672
144 -0.9665947072245722 0.7436902811724764
145 1.3286847088266307 0.7975054761853257
146 -0.19856364124443926 0.8265882982376792
147 1.112764199830749 1.221968518782516
148 2.640012549901818 1.1928856967301626
149 2.8594028372241196 0.46525043103382313
150 1.6027720135969503 -0.4032035438223197
151 0.8975039322431824 0.30573716838397913
152 2.27792254829976 -0.3483100606276397
153 0.91692252220188 0.24133299153321652
154 1.7057331599484948 1.549427449556456
155 0.39440531887330726 1.1540472290116197
156 -0.39440531887330704 -0.1540472290116195
157 -0.3944053188733072 -1.1540472290116195
158 0.394405318873307 0.1540472290116195
159 0.15249728296120135 -0.8756073788729658
160 0.028709490531793176 0.6468938249947968
161 1.548074996148932 0.06987021048898734
162 0.29144417252176225 -0.7985837643671564
163 0.7995095944388769 0.8886351854491814
164 2.326757944509946 0.8595523633968285
165 1.260430722657746 0.6540472290116196
166 0.4716200849111319 -0.6540472290116194
167 -0.6820495923644937 0.4301297895110128
168 0.5745812312626751 1.298583764367156
169 -0.3306114731433159 -0.7354585889738231
170 1.1966368769277538 -0.7645414110261767
171 0.08837331652705066 1.7093490811274676
172 0.8268110288515054 0.3721718010518751
173 0.8373159132526458 -1.1468938249947966
174 0.7135281208232376 0.3756073788729661
175 0.06379384572999203 1.4185886400377965
176 0.8022315580544466 0.08141135996220394
177 2.0165959224289556 -1.3135604916614634
178 1.892808129999548 0.2089407122062995
179 1.6027720135969503 0.5967964561776804
180 2.8594028372241205 1.465250431033823
181 1.692836432635944 0.8721718010518753
182 0.9543987203114896 2.209349081127468
183 3.192783348294385 0.3595523633968283
184 1.6655349982233156 0.38863518544918274
185 0.03147852845874344 0.805737168383979
186 1.4118971445153203 0.15168993937235964
187 2.4141003999333703 0.5698702104889877
188 1.1574695763062008 -0.2985837643671556
189 0.8947348943162322 0.1468938249947972
190 1.0185226867456412 -1.3756073788729668
191 1.8640986394677541 -0.43795311278849736
192 -0.10746836110181768 -0.27128644612183084
193 1.4187962021770057 -1.333333333333333
194 1.8395191686706949 -0.7287135538781693
195 1.813201521050313 -0.1792861043217142
196 1.0243908833036979 -1.4873805623449528
197 -0.08115071348143582 -0.8207138956782858
198 0.7076599242651793 0.4873805623449527
199 0.16075732243067042 0.20894071220629926
200 0.28454511486007805 -1.3135604916614636
201 0.7585570426826207 0.22871355387816905
202 2.4168694378603206 0.7287135538781693
203 2.177353244859626 0.8953802205448358
204 2.7301240432521925 0.06204688721150306
205 1.179280009176311 0.8333333333333335
206 2.2848216059614437 -0.8333333333333335
207 2.6792269248347518 0.3207138956782858
208 1.8904162870881367 -0.9873805623449528
209 0.7848746903030024 -0.3207138956782846
210 1.5736853280496177 0.9873805623449528
211 1.3113278410751874 1.3953802205448356
212 1.5508440340758818 1.2287135538781695
213 0.3132546053918718 1.333333333333333
214 0.1812067734929951 -0.22871355387816938
215 -0.08115071348143588 0.17928610432171388
216 0.7076599242651792 1.4873805623449528
217 1.1273520296552424 1.465250431033823
218 -0.1292787939719272 0.5967964561776797
219 1.813201521050313 0.8207138956782856
220 1.0243908833036977 -0.4873805623449528
221 0.6848186302914436 0.728713553878169
222 0.1958416776288694 0.9806355272492987
223 0.9342793899533236 -0.356541752826293
224 -0.9734937648862566 0.22871355387816839
225 -0.7513344396370054 0.6599216315710126
226 0.7759139104340637 0.6308388095186596
227 0.5814802889243598 0.8135604916614639
228 0.705268081353768 -0.7089407122062994
229 0.9734937648862565 -0.22871355387816894
230 0.9953041977563657 -0.09679645617767883
231 -0.26132662587080363 -0.965250431033823
232 -0.6848186302914423 -0.7287135538781702
233 -0.4138239088320056 0.9103569478391429
234 0.9665947072245717 0.25630971882752385
235 0.41382390883200615 -0.9103569478391427
236 -0.9665947072245713 -0.2563097188275255
237 0.9471761172658744 0.3207138956782861
238 0.15836547951925914 -0.9873805623449528
239 -0.9471761172658741 -0.3207138956782867
240 -0.1583654795192595 0.9873805623449526
241 1.4433756729740654 -0.04257289224366165
242 2.309401076758503 0.4574271077563382
243 1.443375672974065 1.9574271077563385
244 2.309401076758502 1.4574271077563394
245 1.029551764142059 1.8677840555954814
246 2.409970380198636 1.2137368265838617
247 1.8571995818060694 0.0470701599171951
248 0.4767809657494927 0.7011173889288131
249 0.44530243729074825 1.895380220544836
250 -0.23951619300069482 0.16666666666666669
251 0.03147852845874344 1.805737168383979
252 1.4118971445153203 1.1516899393723594
253 1.1301210675821918 1.624093774423005
254 -0.5212922699338233 0.6390705017173122
255 0.8591263461227541 -0.014976727294307102
256 0.24946075966187997 -0.08525530670446285
257 -0.4889769526625749 1.2519219733711293
258 0.9980732356833153 -0.9379531127884971
259 1.9715670005695718 -0.16666666666666677
260 1.4118971445153203 -0.8483100606276405
261 0.03147852845874377 -0.194262831616021
262 0.0245794707970588 0.2907604410896702
263 1.964667942907887 0.3183566060390276
264 0.5842493268513093 0.9724038350506454
265 1.749407675320321 -0.5978747443595094
266 0.22215932524925197 -0.568791922307157
267 0.9734937648862565 -1.2287135538781682
268 0.7339775718855619 -1.062046887211502
269 1.0267827262151095 -0.2910592877937007
270 1.1505705186445168 -1.8135604916614634
271 0.024579470797059022 1.2907604410896711
272 0.16352636035761992 1.3677840555954808
273 1.5439449764141977 0.7137368265838622
274 0.7298475521508271 -0.4181802711166279
275 0.6060597597214191 1.1043209327511352
276 1.1154861634463176 -0.5852553067044627
277 0.3770484511218639 0.7519219733711299
278 -0.6848186302914439 0.2712864461218309
279 1.286748370278128 0.1046197794551644
280 1.9933774334396808 1.965250431033823
281 0.7367466098125114 1.0967964561776795
282 1.130121067582193 0.6240937744230054
283 -0.38924443803494674 1.2011173889288143
284 0.9911741780216308 0.5470701599171951
285 2.1254252653385572 1.5272973182453262
286 0.8687944417113883 0.658843343389182
287 2.6154330791047595 -0.0978747443595091
288 1.08818472903369 -0.06879192230715603
289 0.13204783189887642 1.5620468872115023
290 -0.42072296649368984 -0.6046197794551653
291 0.8923430514048212 -1.0494274495564548
292 1.681153689151436 0.25866700846678414
293 1.1283828907588689 0.09200034180011707
294 0.3395722530122537 -1.2160941162231216
295 -0.043674515371825984 2.1473021939159653
296 0.6947631969526283 0.8101249138403729
297 1.2202325609325675 -0.5067450350956542
298 2.7474809110036365 -0.5358278571480078
299 1.105541596785133 -0.6666666666666665
300 2.546148231832248 0.13191709770048998
301 1.2895174082050778 -0.7365368771556537
302 0.5842493268513096 -0.027596164949351673
303 1.9646679429078873 -0.6816433939609741
304 -0.23951619300069493 1.1666666666666665
305 -0.2682256835324887 -0.4802271583281305
306 -0.39201347596189673 1.042274045539632
307 0.026317647620382134 -1.5494274495564548
308 0.8151282853669973 -0.24133299153321622
309 -0.5527707983925669 -1.166666666666666
310 -0.5264531507721848 -1.7160941162231218
311 0.2623574869744305 -0.4079996581998828
312 -1.1055415967851336 0.6666666666666653
313 0.5977997202519519 0.019772841671871405
314 0.4740119278225422 1.5422740455396322
315 0.8591263461227537 0.9850232727056923
316 -0.5212922699338229 1.639070501717312
317 1.971567000569572 -1.1666666666666665
318 0.4234920044206403 -0.23653687715565364
319 1.6801228280478093 0.6319170977004901
320 0.5527707983925663 1.1666666666666672
321 0.8151282853669974 0.7586670084667841
322 0.026317647620382356 -0.5494274495564551
323 0.2623574869744305 0.5920003418001172
324 -0.526453150772185 -0.7160941162231216
325 2.0453054129607495 0.3333333333333337
326 3.150847009745882 -0.3333333333333337
327 1.888678110264813 0.8528073283011742
328 2.441448908657379 2.0194739949678415
329 0.4453024372907489 -1.1046197794551642
330 -0.4889769526625749 0.2519219733711295
331 0.24946075966187942 -1.085255306704463
332 0.5458717407308822 0.651689939372359
333 -0.8345468753256954 1.305737168383978
334 -1.3873176737182624 1.1390705017173117
335 -0.006899057661685262 0.48502327270569234
336 2.1947101126110686 1.2975054761853264
337 0.6674617625399988 1.326588298237679
338 1.2604307226577456 1.6540472290116197
339 0.4716200849111293 0.3459527709883847
340 1.0986425391234491 -0.18164339396097362
341 -0.2817760769331281 0.4724038350506453
342 0.9980732356833155 2.062046887211503
343 0.22215932524925108 0.43120807769284375
344 1.7494076753203207 0.40212525564049045
345 0.5458717407308818 -0.3483100606276408
346 -0.8345468753256954 0.3057371683839786
347 1.2475339953451967 -1.0232084194929605
348 0.5090962830207396 0.31396886058263196
349 0.47162008491113083 -1.6540472290116202
350 1.2604307226577467 -0.3459527709883786
351 1.5795535246076757 -0.12439262112703431
352 1.7033413170370832 -1.6468938249947966
353 1.4720851635058576 0.6043209327511354
354 1.5958729559352665 -0.9181802711166286
355 0.47401192782254276 0.5422740455396324
356 0.5977997202519505 -0.9802271583281299
357 0.6265092107837443 0.6666666666666669
358 2.113559399129635 -0.5232084194929587
359 1.3751216868051794 0.8139688605826324
360 2.1264561264421857 0.15404722901162
361 1.337645488695565 -1.15404722901162
362 0.8906048745814978 -0.2092395589103283
363 2.0248559618984245 0.7709875994178024
364 2.148643754327832 -0.751513604449962
365 2.19471011261107 -0.7024945238146733
366 0.6674617625400007 -0.6734117017623202
367 1.2895174082050784 0.2634631228443475
368 2.5461482318322473 1.1319170977004895
369 2.83759240435401 -0.6666666666666665
370 3.06073551639551 0.797505476185323
371 1.5334871663244387 0.8265882982376795
372 1.3376454886955693 -0.1540472290116191
373 2.1264561264421835 1.1540472290116195
374 1.1820490471032596 0.992176676722516
375 2.4386798707304296 1.8606306515786586
376 2.747480911003636 0.4641721428519922
377 3.0607355163955074 -0.20249452381467414
378 1.220232560932566 0.4932549649043464
379 1.5334871663244383 -0.17341170176232035
380 0.822350888412613 1.6473021939159667
381 1.5607886007370664 0.3101249138403728
382 1.996146471366631 2.124093774423005
383 2.9914506691229965 1.027297318245326
384 1.7348198454958272 0.15884334338918205
385 2.4099703801986334 0.2137368265838608
386 1.0295517641420588 0.8677840555954812
387 1.4406066350471143 1.7985837643671565
388 0.1839758114199445 0.930129789511013
389 2.991450669122996 2.027297318245327
390 1.734819845495827 1.158843343389182
391 1.2475339953451947 0.9767915805070397
392 0.5090962830207407 2.3139688605826314
393 0.6947631969526291 -0.18987508615962695
394 2.1135593991296346 0.4767915805070401
395 -0.04367451537182587 1.1473021939159653
396 1.3751216868051803 1.813968860582632
397 1.5958729559352653 0.08181972888337238
398 1.4720851635058596 1.604320932751134
399 0.47678096574949136 1.7011173889288145
400 1.8571995818060694 1.0470701599171952
401 2.0862579647170065 -0.006745035095654051
402 3.613506314788075 -0.03582785714800693
403 1.112764199830749 0.2219685187825154
404 2.6400125499018183 0.1928856967301617
405 1.4502747306357486 0.4724038350506458
406 2.830693346692326 -0.18164339396097307
407 2.445578928392114 0.3756073788729657
408 2.569366720821522 -1.1468938249947966
409 1.5071695187040555 2.376015747794135
410 2.2456072310285107 1.0388384677185423
411 1.725151749907193 0.4850232727056935
412 0.3447331338506143 1.1390705017173115
413 1.0500012152043832 0.43012978951101316
414 2.3066320388315527 1.298583764367157
415 0.9543987203114909 1.20934908112747
416 1.6928364326359444 -0.12782819894812442
417 1.6655349982233125 1.388635185449186
418 3.1927833482943853 1.3595523633968274
419 1.3400373316069811 1.0422740455396327
420 1.4638251240363886 -0.48022715832813023
421 3.4121736356166856 0.6319170977004889
422 2.155542811989519 -0.23653687715565164
423 2.2585039583410613 1.7160941162231227
424 1.4696933205944465 0.4079996581998831
425 0.9169225222018804 -0.7586670084667835
426 1.7057331599484948 0.5494274495564561
427 -0.17126220683181015 0.3101249138403728
428 -0.9096999191562648 1.6473021939159647
429 1.8814555072191976 -0.035827857148007514
430 0.3542071571481275 -0.006745035095654051
431 0.1524972829612023 -1.875607378872966
432 0.028709490531794335 -0.35310617500520325
433 1.5480749961489315 1.0698702104889872
434 0.2914441725217627 0.20141623563284367
EDGES
0 1
0 2
0 3
0 7
0 8
0 9
0 10
0 21
0 22
0 23
0 24
0 25
0 26
0 191
0 192
0 193
0 194
0 195
0 196
0 197
0 198
0 199
0 200
0 83
0 84
0 85
0 86
0 87
0 88
0 89
0 90
1 2
1 4
1 8
1 12
1 17
1 18
1 33
1 34
1 201
1 202
1 203
1 204
1 205
1 206
1 207
1 208
1 209
1 210
1 99
1 100
1 101
1 102
1 103
1 104
1 105
1 106
2 3
2 11
2 12
2 13
2 14
2 27
2 28
2 29
2 30
2 31
2 32
2 211
2 212
2 213
2 214
2 215
2 216
2 217
2 218
2 219
2 92
2 220
2 91
2 95
2 96
2 97
2 98
2 94
2 93
3 5
3 6
3 7
3 11
3 15
3 16
3 221
3 222
3 223
3 224
3 225
3 226
3 227
3 228
3 229
3 230
3 231
3 232
3 233
3 234
3 235
3 236
3 237
3 238
3 239
3 240
4 5
4 6
4 9
4 13
4 19
4 20
4 35
4 36
4 201
4 202
4 247
4 107
4 108
4 109
4 110
4 111
4 112
4 113
4 242
4 243
4 244
4 245
4 246
4 114
4 248
4 241
5 256
5 257
5 6
5 10
5 15
5 17
5 19
5 37
5 38
5 39
5 40
5 41
5 42
5 211
5 249
5 250
5 115
5 116
5 117
5 118
5 119
5 120
5 121
5 122
5 251
5 252
5 253
5 254
5 255
6 128
6 129
6 130
6 259
6 260
6 262
6 261
6 264
6 263
6 265
6 266
6 14
6 16
6 18
6 258
6 20
6 43
6 44
6 45
6 46
6 47
6 48
6 191
6 123
6 124
6 125
6 126
6 127
7 258
7 131
7 132
7 37
7 267
7 49
7 50
7 51
8 33
8 43
8 44
8 269
8 268
8 270
8 241
8 52
8 53
8 54
9 192
9 133
9 134
9 38
9 13
9 45
9 271
9 272
9 273
9 241
9 21
9 55
9 56
9 57
9 58
9 59
10 135
10 136
10 137
10 138
10 139
10 140
10 141
10 142
10 274
10 275
10 276
10 277
10 22
10 37
10 52
10 55
10 60
10 61
10 62
10 191
10 63
10 65
10 66
10 67
10 68
10 69
10 64
10 203
10 211
10 242
11 70
11 71
11 72
11 46
11 143
11 144
11 278
11 249
12 34
12 39
12 40
12 73
12 243
12 279
12 280
12 281
12 60
12 61
13 74
13 75
13 41
13 76
13 47
13 283
13 145
13 146
13 243
13 212
13 282
13 27
13 284
13 62
13 63
14 147
14 148
14 149
14 150
14 151
14 152
14 153
14 154
14 28
14 285
14 286
14 287
14 288
14 46
14 53
14 54
14 56
14 57
14 191
14 73
14 74
14 204
14 77
14 78
14 79
14 80
14 81
14 82
14 211
14 244
15 289
15 75
15 76
15 49
15 213
15 22
15 155
15 156
16 193
16 290
16 70
16 58
16 59
16 28
16 157
16 158
17 160
17 65
17 291
17 292
17 71
17 72
17 42
17 268
17 205
17 78
17 79
17 18
17 23
17 250
17 29
17 159
18 162
18 259
18 66
18 67
18 294
18 293
18 161
18 206
18 80
18 48
18 51
18 50
18 279
18 24
18 30
19 32
19 35
19 68
19 295
19 296
19 77
19 205
19 271
19 81
19 31
20 64
20 26
20 69
20 36
20 297
20 298
20 206
20 82
20 25
20 282
21 163
21 164
21 299
21 300
21 301
21 46
21 303
21 302
21 54
21 194
21 69
21 70
21 202
21 212
21 221
21 115
21 116
22 271
22 278
22 279
22 23
22 165
22 166
22 167
22 168
22 46
22 304
22 305
22 306
22 49
22 48
22 53
22 60
22 205
22 213
22 107
22 108
23 38
23 70
23 268
23 307
23 308
23 278
23 24
23 123
23 124
23 29
24 193
24 169
24 170
24 299
24 45
24 309
24 310
24 311
24 30
25 195
25 99
25 135
25 297
25 108
25 83
25 91
25 124
25 222
26 100
26 196
26 136
26 298
26 107
26 84
26 123
26 92
26 223
27 37
27 171
27 172
27 49
27 312
27 313
27 314
27 315
27 60
27 316
27 192
27 201
27 81
27 214
27 224
27 125
27 126
28 267
28 268
28 282
28 30
28 37
28 165
28 166
28 42
28 173
28 174
28 54
28 317
28 318
28 61
28 319
28 193
28 70
28 206
28 109
28 110
29 320
29 321
29 322
29 41
29 175
29 176
29 213
29 312
29 30
30 323
30 324
30 267
30 47
30 49
30 117
30 118
30 279
31 225
31 101
31 295
31 110
31 147
31 83
31 118
31 215
31 91
32 226
32 102
32 296
32 109
32 148
32 117
32 84
32 216
32 92
33 65
33 34
33 325
33 177
33 242
33 178
33 149
33 150
34 326
34 137
34 138
34 80
34 179
34 244
34 180
35 36
35 327
35 203
35 148
35 181
35 147
35 55
35 182
36 135
36 136
36 328
36 74
36 204
36 183
36 184
37 258
37 268
37 282
37 290
37 38
37 169
37 170
37 49
37 185
37 186
37 64
37 329
37 330
37 331
37 81
37 103
37 104
37 241
38 290
38 70
38 41
38 332
38 45
38 333
38 271
38 93
38 94
39 227
39 104
39 137
39 111
39 119
39 280
39 251
39 94
39 127
40 128
40 228
40 103
40 138
40 112
40 120
40 281
40 252
40 93
41 320
41 167
41 168
41 334
41 335
41 47
41 312
41 249
42 259
42 187
42 188
42 61
42 320
42 70
42 202
42 77
42 336
42 337
42 338
42 339
42 85
42 86
42 229
42 253
43 260
43 230
43 105
43 269
43 113
43 149
43 87
43 119
43 127
44 128
44 261
44 231
44 106
44 270
44 114
44 150
44 120
44 88
45 258
45 299
45 173
45 174
45 47
45 340
45 309
45 341
46 271
46 279
46 289
46 47
46 176
46 175
46 185
46 186
46 69
46 70
46 77
46 342
46 343
46 344
46 105
46 106
46 243
46 249
47 289
47 282
47 49
47 87
47 88
47 345
47 346
48 262
48 49
48 53
48 309
48 189
48 190
48 64
48 201
48 347
48 348
48 349
48 350
48 95
48 96
48 232
48 250
49 160
49 134
49 133
49 158
49 144
49 143
49 309
49 312
49 157
49 159
50 160
50 161
50 227
50 131
50 104
50 89
50 351
51 352
51 162
51 228
51 132
51 103
51 90
51 159
52 64
52 353
52 354
52 326
52 327
52 203
52 113
52 82
52 114
52 53
53 268
53 325
53 205
53 80
53 81
53 214
53 355
53 356
53 357
53 358
53 359
53 360
53 361
53 119
53 120
54 202
54 139
54 140
54 241
54 82
54 183
54 184
54 317
55 129
55 130
55 69
55 327
55 171
55 172
55 271
56 355
56 363
56 111
56 174
56 272
56 151
56 89
56 285
56 94
57 356
57 364
57 173
57 112
57 273
57 152
57 90
57 93
57 286
58 130
58 226
58 133
58 365
58 109
58 145
58 158
59 225
59 129
59 134
59 366
59 110
59 146
59 157
60 68
60 201
60 304
60 243
60 181
60 182
60 153
60 154
61 128
61 279
61 65
61 194
61 69
61 326
61 73
61 206
61 367
61 368
61 369
61 370
61 371
61 372
61 373
61 127
62 97
62 167
62 141
62 367
62 114
62 274
62 374
62 88
62 283
63 98
63 168
63 142
63 368
63 113
63 275
63 87
63 284
63 375
64 201
64 329
64 206
64 177
64 178
64 151
64 152
65 98
65 97
65 325
65 268
65 189
65 190
66 130
66 293
66 102
66 139
66 170
66 276
66 117
66 376
66 377
67 129
67 101
67 294
67 169
67 140
67 277
67 118
67 378
67 379
68 325
68 101
68 102
68 328
68 73
68 81
68 242
68 380
68 381
69 384
69 385
69 386
69 282
69 328
69 82
69 91
69 92
69 243
69 376
69 378
69 253
69 382
69 383
70 320
70 161
70 162
70 131
70 132
70 299
70 145
70 146
70 155
70 156
71 160
71 161
71 98
71 387
71 230
71 105
71 143
72 97
72 162
72 388
72 231
72 106
72 144
72 159
73 389
73 390
73 325
73 328
73 77
73 111
73 112
73 204
74 163
74 164
74 328
74 282
74 81
74 121
74 122
75 133
75 391
75 107
75 145
75 122
75 156
75 223
76 134
76 392
76 108
76 146
76 121
76 155
76 222
77 202
77 205
77 142
77 141
77 179
77 180
77 342
78 291
78 100
78 393
78 394
78 176
78 153
78 122
78 123
78 287
79 288
79 99
79 292
79 395
79 396
79 175
79 121
79 154
79 124
80 326
80 279
80 89
80 90
80 187
80 188
81 262
81 393
81 395
81 397
81 398
81 271
81 400
81 399
81 327
81 83
81 84
81 362
81 241
82 99
82 100
82 326
82 327
82 401
82 402
82 244
83 225
83 288
83 163
83 197
83 101
83 169
83 395
83 366
83 403
84 226
84 164
84 102
84 198
84 393
84 170
84 365
84 404
84 287
85 131
85 233
85 141
85 272
85 405
85 88
85 89
85 188
85 254
86 132
86 234
86 142
86 273
86 406
86 87
86 90
86 187
86 255
87 217
87 199
87 168
87 105
87 345
88 167
88 200
88 106
88 346
88 218
89 355
89 227
89 137
89 407
89 187
90 356
90 228
90 138
90 408
90 188
91 99
91 392
91 409
91 171
91 175
91 277
91 378
91 219
91 222
92 100
92 391
92 172
92 176
92 276
92 376
92 410
92 220
92 223
93 103
93 200
93 332
93 173
93 218
93 95
94 96
94 104
94 199
94 333
94 174
94 217
95 98
95 263
95 235
95 143
95 152
95 411
95 284
95 190
96 97
96 264
96 236
96 144
96 151
96 283
96 412
96 189
97 231
97 367
97 150
97 190
97 413
98 230
98 368
98 149
98 189
98 414
99 101
99 396
99 207
99 401
99 415
100 416
100 102
100 394
100 208
100 402
101 417
101 209
101 379
101 380
102 418
102 210
102 377
102 381
103 352
103 200
103 138
103 106
103 364
103 397
103 270
103 177
103 313
103 186
103 159
104 160
104 199
104 137
104 105
104 363
104 269
104 398
104 178
104 185
104 314
104 351
105 161
105 387
105 300
105 180
105 149
105 375
105 280
105 217
105 186
105 383
106 384
106 162
106 388
106 281
106 301
106 179
106 374
106 150
106 185
106 218
107 256
107 133
107 166
107 391
107 296
107 136
107 358
107 394
107 109
107 347
107 181
107 123
108 257
108 165
108 134
108 135
108 392
108 359
108 295
108 396
108 110
108 348
108 182
108 124
109 165
109 265
109 298
109 365
109 336
109 145
109 370
109 148
109 117
109 183
109 377
110 166
110 297
110 266
110 366
110 337
110 146
110 147
110 379
110 371
110 118
110 184
111 419
111 389
111 363
111 113
111 245
111 127
112 128
112 420
112 390
112 364
112 114
112 246
113 353
113 421
113 119
113 247
113 375
114 354
114 422
114 374
114 248
114 120
115 292
115 164
115 198
115 423
115 139
115 237
115 117
115 121
115 155
116 291
116 163
116 197
116 424
116 140
116 238
116 118
116 122
116 156
117 256
117 323
117 265
117 170
118 257
118 324
118 169
118 266
119 387
119 355
119 230
119 168
119 187
119 285
119 414
119 255
120 356
120 388
120 167
120 231
120 254
120 188
120 413
120 286
121 163
121 135
121 395
121 409
121 222
122 164
122 136
122 393
122 410
122 223
123 256
123 265
123 176
123 307
123 125
124 257
124 266
124 175
124 308
124 126
125 129
125 294
125 425
125 172
125 239
125 153
125 220
125 157
126 130
126 293
126 426
126 171
126 240
126 154
126 219
126 158
127 407
127 227
127 264
127 174
127 368
127 275
127 189
127 351
128 352
128 228
128 263
128 173
128 367
128 274
128 408
128 190
129 225
129 171
129 403
129 147
129 378
130 226
130 172
130 404
130 148
130 376
131 162
131 233
131 302
131 144
131 185
132 161
132 234
132 303
132 143
132 186
133 172
133 427
133 347
133 157
134 171
134 428
134 348
134 158
135 139
135 409
135 182
135 184
136 140
136 410
136 181
136 183
137 141
137 178
137 180
137 407
138 142
138 177
138 179
138 408
139 195
139 165
139 423
139 183
139 154
140 196
140 166
140 424
140 184
140 153
141 179
141 405
141 151
141 185
141 251
142 180
142 406
142 152
142 186
142 252
143 235
143 186
143 315
143 159
144 160
144 236
144 185
144 316
145 164
145 429
145 336
145 155
146 163
146 430
146 337
146 156
147 403
147 182
147 184
147 153
148 404
148 181
148 183
148 154
149 178
149 180
149 152
149 414
150 177
150 179
150 151
150 413
151 261
151 178
151 185
151 412
152 260
152 177
152 186
152 411
153 166
153 425
153 181
153 215
154 165
154 426
154 182
154 216
155 165
155 237
155 338
155 158
156 166
156 238
156 339
156 157
157 166
157 349
157 239
158 165
158 240
158 350
159 431
159 313
159 190
160 432
160 314
160 189
161 300
161 433
161 187
162 301
162 434
162 188
163 288
163 417
163 430
163 184
164 418
164 429
164 183
164 287
165 195
165 323
165 360
165 338
165 308
165 373
165 216
165 350
166 324
166 196
166 361
166 349
166 339
166 372
166 307
166 215
167 388
167 334
167 305
167 434
168 387
168 335
168 433
168 306
169 330
169 430
169 366
169 310
170 331
170 365
170 429
170 311
171 428
171 277
171 182
171 415
172 416
172 427
172 276
172 181
173 352
173 431
173 340
173 318
174 351
174 432
174 341
174 319
175 321
175 392
175 428
175 343
176 322
176 391
176 427
176 344
177 420
177 270
177 190
178 419
178 269
178 189
179 422
179 281
179 188
180 421
180 280
180 187
181 416
181 296
182 295
182 415
183 418
183 298
184 417
184 297
185 386
185 261
185 333
185 399
185 302
185 346
185 251
185 316
186 385
186 260
186 332
186 400
186 303
186 345
186 315
186 252
187 421
187 433
187 285
188 422
188 434
188 286
189 419
189 432
189 275
190 420
190 431
190 274
191 193
191 258
191 425
191 426
191 204
191 362
191 369
191 242
191 403
191 404
191 405
191 406
191 407
191 408
192 224
192 355
192 356
192 201
192 362
192 329
192 309
192 254
192 255
193 329
193 365
193 366
193 206
193 349
193 350
194 288
194 291
194 292
194 229
194 267
194 369
194 279
194 287
195 298
195 237
195 207
195 308
195 219
195 317
196 297
196 238
196 208
196 307
196 220
196 317
197 291
197 393
197 425
197 239
197 209
197 310
197 215
197 250
197 349
198 292
198 426
198 395
198 240
198 210
198 311
198 216
198 250
198 350
199 290
199 269
199 306
199 275
199 346
200 290
200 270
200 305
200 274
200 345
201 416
201 420
201 419
201 425
201 426
201 411
201 412
201 250
201 415
202 417
202 259
202 418
202 422
202 423
202 421
202 424
202 212
202 405
202 406
203 204
203 397
203 398
203 205
203 211
203 374
203 375
204 384
204 383
204 363
204 364
204 206
205 387
205 388
205 325
205 394
205 396
205 372
205 213
205 373
205 313
205 314
206 352
206 326
206 360
206 361
206 300
206 301
206 377
206 379
206 351
207 292
207 426
207 369
207 402
207 373
207 219
208 291
208 425
208 401
208 369
208 372
208 220
209 357
209 294
209 424
209 361
209 215
209 381
210 357
210 293
210 423
210 360
210 216
210 380
211 414
211 357
211 249
211 423
211 424
211 244
211 213
211 409
211 410
211 411
211 412
211 413
211 382
212 320
212 263
212 264
212 367
212 368
212 342
212 221
212 382
213 391
213 392
213 338
213 339
213 342
214 293
214 357
214 294
214 232
214 268
214 276
214 278
214 277
215 324
215 296
215 239
215 304
216 323
216 295
216 304
216 240
217 289
217 332
217 280
217 285
217 319
218 318
218 289
218 333
218 281
218 286
219 321
219 259
219 293
219 423
219 237
219 338
219 376
220 322
220 259
220 294
220 424
220 238
220 339
220 378
221 289
221 229
221 341
221 340
221 253
221 318
221 319
222 225
222 330
222 237
222 430
222 282
223 226
223 331
223 429
223 282
223 238
224 290
224 262
224 232
224 334
224 335
224 305
224 306
225 428
225 239
225 271
225 343
226 427
226 271
226 240
226 344
227 230
227 233
227 433
227 306
227 279
228 231
228 234
228 305
228 434
228 279
229 321
229 322
229 259
229 267
229 343
229 344
230 268
230 235
230 432
230 319
231 268
231 236
231 431
231 318
232 330
232 331
232 310
232 311
232 278
232 250
233 320
233 264
233 334
233 434
233 251
234 320
234 263
234 335
234 433
234 252
235 260
235 431
235 340
235 309
235 255
236 261
236 432
236 309
236 341
236 254
237 299
237 429
237 311
238 299
238 430
238 310
239 322
239 427
239 312
240 321
240 312
240 428
241 385
241 258
241 386
241 327
241 363
241 364
241 365
241 366
241 242
241 347
241 348
242 358
242 359
242 244
242 377
242 379
243 391
243 392
243 328
243 399
243 400
243 336
243 337
243 244
243 374
243 375
243 249
244 394
244 396
244 370
244 371
245 386
245 390
245 264
245 272
245 251
245 412
245 382
246 385
246 389
246 263
246 273
246 411
246 252
246 382
247 354
247 260
247 362
247 400
247 406
247 284
247 255
248 353
248 261
248 362
248 399
248 405
248 283
248 254
249 387
249 388
249 304
249 315
249 316
250 357
250 393
250 395
250 304
250 312
251 281
251 264
251 333
251 342
252 263
252 332
252 342
252 280
253 289
253 382
253 272
253 273
253 282
253 285
253 286
254 355
254 261
254 334
254 272
254 412
254 316
255 356
255 260
255 335
255 315
255 273
255 411
256 324
256 296
256 331
256 276
256 278
257 323
257 295
257 330
257 277
257 278
258 352
258 351
258 302
258 303
258 317
259 299
259 369
259 376
259 378
259 317
260 329
260 270
260 345
261 329
261 269
261 346
262 290
262 362
262 271
262 274
262 275
262 283
262 284
263 303
263 368
263 340
263 406
263 284
264 302
264 367
264 283
264 405
264 341
265 298
265 267
265 308
265 344
265 287
266 288
266 297
266 267
266 307
266 343
267 307
267 308
267 317
268 431
268 432
269 353
269 355
269 329
269 432
270 354
270 356
270 329
270 431
271 427
271 428
272 386
272 333
272 341
272 286
273 385
273 332
273 340
273 285
274 354
274 397
274 305
274 284
275 353
275 398
275 306
275 283
276 358
276 294
276 331
276 381
277 293
277 359
277 330
277 380
278 323
278 324
278 304
279 433
279 434
280 389
280 368
280 433
280 342
281 390
281 367
281 434
281 342
282 429
282 430
283 334
283 399
283 346
284 335
284 400
284 345
285 319
285 389
285 383
286 384
286 390
286 318
287 292
287 402
287 370
287 344
288 291
288 401
288 371
288 343
289 332
289 333
289 342
290 329
290 345
290 346
291 322
291 307
291 372
292 321
292 308
292 373
293 323
293 360
293 311
294 324
294 361
294 310
295 395
295 428
295 304
295 380
296 393
296 427
296 304
296 381
297 430
297 401
297 378
297 317
298 429
298 402
298 376
298 317
299 430
299 429
299 317
300 421
300 351
300 383
300 303
300 368
300 319
301 384
301 352
301 422
301 367
301 302
301 318
302 386
302 405
302 341
302 351
303 352
303 385
303 340
303 406
304 312
304 357
305 356
305 335
305 313
306 355
306 334
306 314
307 322
307 324
308 321
308 323
309 329
309 431
309 432
310 324
310 331
310 349
311 323
311 330
311 350
312 427
312 428
313 356
313 388
313 420
313 397
313 315
314 419
314 355
314 387
314 398
314 316
315 387
315 335
315 400
315 411
316 388
316 334
316 399
316 412
317 369
318 367
318 341
319 368
319 340
320 433
320 434
320 342
321 338
321 344
322 339
322 343
325 419
325 420
325 413
325 414
326 421
326 422
326 407
326 408
327 416
327 403
327 404
327 415
328 417
328 418
328 409
328 410
329 362
330 395
330 348
331 393
331 347
332 345
332 340
333 341
333 346
334 346
335 345
336 418
336 344
336 391
336 338
336 370
336 376
337 417
337 392
337 339
337 371
337 343
337 378
338 423
338 392
338 373
339 391
339 424
339 372
342 382
343 378
344 376
347 416
347 358
347 393
347 365
347 349
348 359
348 395
348 366
348 350
348 415
349 425
349 361
349 366
350 360
350 426
350 365
351 363
351 407
352 364
352 408
353 355
353 362
353 398
353 407
354 356
354 362
354 397
354 408
355 419
355 432
356 420
356 431
357 380
357 381
358 361
358 394
358 377
358 381
359 360
359 396
359 379
359 380
360 373
360 377
361 372
361 379
363 386
363 383
363 398
364 385
364 384
364 397
365 404
365 377
366 403
366 379
367 390
367 422
367 434
368 421
368 389
368 433
369 401
369 402
370 394
370 402
370 373
370 377
371 396
371 401
371 372
371 379
372 394
373 396
374 384
374 388
374 397
374 399
375 387
375 383
375 398
375 400
376 418
376 429
376 402
378 417
378 430
378 401
380 395
380 409
381 393
381 410
382 390
382 389
383 385
383 389
384 386
384 390
385 400
386 399
387 414
388 413
389 414
390 413
391 394
391 410
392 396
392 409
393 416
393 427
395 428
395 415
397 400
398 399
401 403
402 404
403 415
403 425
404 416
404 426
405 422
405 407
406 421
406 408
407 421
408 422
409 417
409 423
410 418
410 424
411 414
411 420
412 419
412 413
413 420
414 419
415 426
416 425
417 424
418 423
DONE