NODES
4 1.7320508075688772 1.0605752387249068e-16
5 0.8660254037844386 0.5000000000000002
6 0.8660254037844388 -0.4999999999999997
3 0.0 0.0
0 0.9980732356833154 0.06204688721150248
2 0.44530243729074875 0.8953802205448356
1 1.443375672974064 0.9574271077563382
7 1.7320508075688774 1.0
8 1.7320508075688774 -1.0
9 1.2867483702781284 -0.8953802205448357
10 0.7339775718855617 -0.06204688721150259
11 0.7585570426826207 0.228713553878169
12 2.4168694378603206 0.7287135538781693
13 -1.6653345369377348e-16 1.0
14 1.8640986394677541 0.5620468872115023
15 1.3113278410751872 1.395380220544836
16 0.5773502691896256 1.4574271077563383
17 3.3306690738754696e-16 -1.0
18 1.8640986394677541 -0.437953112788497
19 1.3113278410751876 0.3953802205448361
20 0.5773502691896253 0.45742710775633827
21 0.5527707983925667 -0.8333333333333333
22 -0.5527707983925668 0.8333333333333333
23 1.9961464713666308 0.12409377442300501
24 0.8906048745814974 1.7907604410896716
EDGES
0 1
0 2
0 3
0 9
0 14
0 18
0 21
0 23
1 2
1 4
1 11
1 12
1 16
1 20
1 23
1 24
2 3
2 10
2 15
2 19
2 22
2 24
3 5
3 6
3 13
3 17
3 21
3 22
4 5
4 6
4 7
4 8
4 9
4 10
4 11
4 12
5 6
5 7
5 13
5 14
5 15
5 16
6 8
6 17
6 18
6 19
6 20
9 10
14 18
14 15
15 19
16 20
18 19
DONE