NODES
0 0.00000000000000000000000000000000000000000000000000000000000000000000000000000000000000000000000000000000000e+00 0.00000000000000000000000000000000000000000000000000000000000000000000000000000000000000000000000000000000000e+00
1 5.00000000000000000000000000000000000000000000000000000000000000000000000000000000000000000000000000000000000e-01 0.00000000000000000000000000000000000000000000000000000000000000000000000000000000000000000000000000000000000e+00
2 2.50000000000000000000000000000000000000000000000000000000000000000000000000000000000000000000000000000000000e-01 4.33012701892219323381861585376468091735701313452595157013951744862983254227200009270286546689312143918906588e-01
3 2.50000000000000000000000000000000000000000000000000000000000000000000000000000000000000000000000000000000000e-01 9.68245836551854221294816349945599902708230426322897706646893441528370772984244758379821844214668379479075580e-01
4 2.50000000000000000000000000000000000000000000000000000000000000000000000000000000000000000000000000000000000e-01 -9.68245836551854221294816349945599902708230426322897706646893441528370772984244758379821844214668379479075580e-01
5 -7.13525491562421136153440125774228588290231884854322146601586467028945347114176837280405403142043353113565509e-01 7.00629269222036772338338967661033997221965869887746431830422593195677013605722383825054195451990261698991302e-01
6 9.63525491562421136153440125774228588290231884854322146601586467028945347114176837280405403142043353113565509e-01 -2.67616567329817448956477382284565905486264556435151274816470848332693759378522374554767648762678117780084496e-01
7 -4.63525491562421136153440125774228588290231884854322146601586467028945347114176837280405403142043353113565509e-01 -2.67616567329817448956477382284565905486264556435151274816470848332693759378522374554767648762678117780084496e-01
8 1.21352549156242113615344012577422858829023188485432214660158646702894534711417683728040540314204335311356507e+00 7.00629269222036772338338967661033997221965869887746431830422593195677013605722383825054195451990261698991302e-01
9 9.63525491562421136153440125774228588290231884854322146601586467028945347114176837280405403142043353113565509e-01 2.67616567329817448956477382284565905486264556435151274816470848332693759378522374554767648762678117780084496e-01
10 -7.13525491562421136153440125774228588290231884854322146601586467028945347114176837280405403142043353113565509e-01 -7.00629269222036772338338967661033997221965869887746431830422593195677013605722383825054195451990261698991302e-01
11 -9.63525491562421136153440125774228588290231884854322146601586467028945347114176837280405403142043353113565945e-01 -2.67616567329817448956477382284565905486264556435151274816470848332693759378522374554767648762678117780084278e-01
12 7.13525491562421136153440125774228588290231884854322146601586467028945347114176837280405403142043353113565509e-01 7.00629269222036772338338967661033997221965869887746431830422593195677013605722383825054195451990261698991302e-01
13 -4.63525491562421136153440125774228588290231884854322146601586467028945347114176837280405403142043353113565509e-01 2.67616567329817448956477382284565905486264556435151274816470848332693759378522374554767648762678117780084496e-01
14 1.21352549156242113615344012577422858829023188485432214660158646702894534711417683728040540314204335311356507e+00 -7.00629269222036772338338967661033997221965869887746431830422593195677013605722383825054195451990261698991302e-01
15 -2.13525491562421136153440125774228588290231884854322146601586467028945347114176837280405403142043353113565509e-01 7.00629269222036772338338967661033997221965869887746431830422593195677013605722383825054195451990261698991302e-01
16 1.46352549156242113615344012577422858829023188485432214660158646702894534711417683728040540314204335311356595e+00 -2.67616567329817448956477382284565905486264556435151274816470848332693759378522374554767648762678117780084278e-01
17 2.18007543808417316859394750271862213030225752796706897967362564702536132031772269377793888446840673379742251e-106 1.40125853844407354467667793532206799444393173977549286366084518639135402721144476765010839090398052339798260e+00
18 -4.36015087616834633718789500543724426060451505593413795934725129405072264063544538755587776893681346759484503e-106 -5.35233134659634897912954764569131810972529112870302549632941696665387518757044749109535297525356235560168992e-01
19 5.00000000000000000000000000000000000000000000000000000000000000000000000000000000000000000000000000000000000e-01 -5.35233134659634897912954764569131810972529112870302549632941696665387518757044749109535297525356235560168992e-01
20 4.99999999999999999999999999999999999999999999999999999999999999999999999999999999999999999999999999999999346e-01 1.40125853844407354467667793532206799444393173977549286366084518639135402721144476765010839090398052339798260e+00
21 -4.63525491562421136153440125774228588290231884854322146601586467028945347114176837280405403142043353113565509e-01 1.66887510577389099363315531760663389993019629621064413847731603472404778658996714220487603966665864117806688e+00
22 9.63525491562421136153440125774228588290231884854322146601586467028945347114176837280405403142043353113565073e-01 1.66887510577389099363315531760663389993019629621064413847731603472404778658996714220487603966665864117806688e+00
23 1.21352549156242113615344012577422858829023188485432214660158646702894534711417683728040540314204335311356507e+00 -1.23586240388167167025129373223016580819449498275804898146336428986106453236276713293458949297734649725915986e+00
24 -7.13525491562421136153440125774228588290231884854322146601586467028945347114176837280405403142043353113565945e-01 -1.23586240388167167025129373223016580819449498275804898146336428986106453236276713293458949297734649725915986e+00
25 -1.42705098312484227230688025154845717658046376970864429320317293405789069422835367456081080628408670622713102e+00 2.18007543808417316859394750271862213030225752796706897967362564702536132031772269377793888446840673379742251e-106
26 1.92705098312484227230688025154845717658046376970864429320317293405789069422835367456081080628408670622713015e+00 3.27011315712625975289092125407793319545338629195060346951043847053804198047658404066690832670261010069613377e-106
EDGES
0 3
0 4
0 5
0 6
0 9
0 10
0 11
0 12
1 3
1 4
1 7
1 8
1 13
1 14
1 15
1 16
2 5
2 6
2 7
2 8
2 17
2 18
2 19
2 20
3 5
3 8
3 9
3 13
3 21
3 22
4 6
4 7
4 10
4 14
4 23
4 24
5 7
5 11
5 17
5 21
5 25
6 8
6 12
6 18
6 23
6 26
7 15
7 19
7 24
7 25
8 16
8 20
8 22
8 26
9 14
9 26
10 13
10 25
11 18
11 24
12 17
12 22
13 25
14 26
15 20
15 21
16 19
16 23
17 22
18 24
19 23
20 21
DONE