NODES
0 0.00000000000000000000000000000000000000000000000000000000000000000000000000000000000000000000000000000000000e+00 0.00000000000000000000000000000000000000000000000000000000000000000000000000000000000000000000000000000000000e+00
1 5.00000000000000000000000000000000000000000000000000000000000000000000000000000000000000000000000000000000000e-01 0.00000000000000000000000000000000000000000000000000000000000000000000000000000000000000000000000000000000000e+00
2 2.50000000000000000000000000000000000000000000000000000000000000000000000000000000000000000000000000000000000e-01 4.33012701892219323381861585376468091735701313452595157013951744862983254227200009270286546689312143918906588e-01
3 2.50000000000000000000000000000000000000000000000000000000000000000000000000000000000000000000000000000000000e-01 9.68245836551854221294816349945599902708230426322897706646893441528370772984244758379821844214668379479075580e-01
4 2.50000000000000000000000000000000000000000000000000000000000000000000000000000000000000000000000000000000000e-01 -9.68245836551854221294816349945599902708230426322897706646893441528370772984244758379821844214668379479075580e-01
5 -7.13525491562421136153440125774228588290231884854322146601586467028945347114176837280405403142043353113565509e-01 7.00629269222036772338338967661033997221965869887746431830422593195677013605722383825054195451990261698991302e-01
6 9.63525491562421136153440125774228588290231884854322146601586467028945347114176837280405403142043353113565509e-01 -2.67616567329817448956477382284565905486264556435151274816470848332693759378522374554767648762678117780084496e-01
7 -4.63525491562421136153440125774228588290231884854322146601586467028945347114176837280405403142043353113565509e-01 -2.67616567329817448956477382284565905486264556435151274816470848332693759378522374554767648762678117780084496e-01
8 1.21352549156242113615344012577422858829023188485432214660158646702894534711417683728040540314204335311356507e+00 7.00629269222036772338338967661033997221965869887746431830422593195677013605722383825054195451990261698991302e-01
9 9.63525491562421136153440125774228588290231884854322146601586467028945347114176837280405403142043353113565509e-01 2.67616567329817448956477382284565905486264556435151274816470848332693759378522374554767648762678117780084496e-01
10 -7.13525491562421136153440125774228588290231884854322146601586467028945347114176837280405403142043353113565509e-01 -7.00629269222036772338338967661033997221965869887746431830422593195677013605722383825054195451990261698991302e-01
11 -9.63525491562421136153440125774228588290231884854322146601586467028945347114176837280405403142043353113565945e-01 -2.67616567329817448956477382284565905486264556435151274816470848332693759378522374554767648762678117780084278e-01
12 7.13525491562421136153440125774228588290231884854322146601586467028945347114176837280405403142043353113565509e-01 7.00629269222036772338338967661033997221965869887746431830422593195677013605722383825054195451990261698991302e-01
13 -4.63525491562421136153440125774228588290231884854322146601586467028945347114176837280405403142043353113565509e-01 2.67616567329817448956477382284565905486264556435151274816470848332693759378522374554767648762678117780084496e-01
14 1.21352549156242113615344012577422858829023188485432214660158646702894534711417683728040540314204335311356507e+00 -7.00629269222036772338338967661033997221965869887746431830422593195677013605722383825054195451990261698991302e-01
15 -2.13525491562421136153440125774228588290231884854322146601586467028945347114176837280405403142043353113565509e-01 7.00629269222036772338338967661033997221965869887746431830422593195677013605722383825054195451990261698991302e-01
16 1.46352549156242113615344012577422858829023188485432214660158646702894534711417683728040540314204335311356595e+00 -2.67616567329817448956477382284565905486264556435151274816470848332693759378522374554767648762678117780084278e-01
17 2.18007543808417316859394750271862213030225752796706897967362564702536132031772269377793888446840673379742251e-106 1.40125853844407354467667793532206799444393173977549286366084518639135402721144476765010839090398052339798260e+00
18 -4.36015087616834633718789500543724426060451505593413795934725129405072264063544538755587776893681346759484503e-106 -5.35233134659634897912954764569131810972529112870302549632941696665387518757044749109535297525356235560168992e-01
19 5.00000000000000000000000000000000000000000000000000000000000000000000000000000000000000000000000000000000000e-01 -5.35233134659634897912954764569131810972529112870302549632941696665387518757044749109535297525356235560168992e-01
20 4.99999999999999999999999999999999999999999999999999999999999999999999999999999999999999999999999999999999346e-01 1.40125853844407354467667793532206799444393173977549286366084518639135402721144476765010839090398052339798260e+00
21 -4.63525491562421136153440125774228588290231884854322146601586467028945347114176837280405403142043353113565509e-01 1.66887510577389099363315531760663389993019629621064413847731603472404778658996714220487603966665864117806688e+00
22 9.63525491562421136153440125774228588290231884854322146601586467028945347114176837280405403142043353113565073e-01 1.66887510577389099363315531760663389993019629621064413847731603472404778658996714220487603966665864117806688e+00
23 1.21352549156242113615344012577422858829023188485432214660158646702894534711417683728040540314204335311356507e+00 -1.23586240388167167025129373223016580819449498275804898146336428986106453236276713293458949297734649725915986e+00
24 -7.13525491562421136153440125774228588290231884854322146601586467028945347114176837280405403142043353113565945e-01 -1.23586240388167167025129373223016580819449498275804898146336428986106453236276713293458949297734649725915986e+00
25 -1.42705098312484227230688025154845717658046376970864429320317293405789069422835367456081080628408670622713102e+00 2.18007543808417316859394750271862213030225752796706897967362564702536132031772269377793888446840673379742251e-106
26 1.92705098312484227230688025154845717658046376970864429320317293405789069422835367456081080628408670622713015e+00 3.27011315712625975289092125407793319545338629195060346951043847053804198047658404066690832670261010069613377e-106
27 7.13525491562421136153440125774228588290231884854322146601586467028945347114176837280405403142043353113565509e-01 -7.00629269222036772338338967661033997221965869887746431830422593195677013605722383825054195451990261698991302e-01
28 -9.63525491562421136153440125774228588290231884854322146601586467028945347114176837280405403142043353113565945e-01 2.67616567329817448956477382284565905486264556435151274816470848332693759378522374554767648762678117780084278e-01
29 -2.50000000000000000000000000000000000000000000000000000000000000000000000000000000000000000000000000000000436e-01 -9.68245836551854221294816349945599902708230426322897706646893441528370772984244758379821844214668379479076016e-01
30 -2.50000000000000000000000000000000000000000000000000000000000000000000000000000000000000000000000000000000218e-01 9.68245836551854221294816349945599902708230426322897706646893441528370772984244758379821844214668379479075580e-01
31 -2.13525491562421136153440125774228588290231884854322146601586467028945347114176837280405403142043353113565509e-01 -7.00629269222036772338338967661033997221965869887746431830422593195677013605722383825054195451990261698991302e-01
32 1.46352549156242113615344012577422858829023188485432214660158646702894534711417683728040540314204335311356595e+00 2.67616567329817448956477382284565905486264556435151274816470848332693759378522374554767648762678117780084278e-01
33 7.50000000000000000000000000000000000000000000000000000000000000000000000000000000000000000000000000000000000e-01 9.68245836551854221294816349945599902708230426322897706646893441528370772984244758379821844214668379479075580e-01
34 7.50000000000000000000000000000000000000000000000000000000000000000000000000000000000000000000000000000000436e-01 -9.68245836551854221294816349945599902708230426322897706646893441528370772984244758379821844214668379479076016e-01
35 9.63525491562421136153440125774228588290231884854322146601586467028945347114176837280405403142043353113565945e-01 1.13364197111425609572020055303750208895766718334034158884437433805866026783292239309534074214130240561789833e+00
36 -7.13525491562421136153440125774228588290231884854322146601586467028945347114176837280405403142043353113565945e-01 1.65396134562401874425384203091902186249436757017443882197480896530289494848677634715518897926634026138822419e-01
37 1.21352549156242113615344012577422858829023188485432214660158646702894534711417683728040540314204335311356507e+00 1.65396134562401874425384203091902186249436757017443882197480896530289494848677634715518897926634026138822092e-01
38 -4.63525491562421136153440125774228588290231884854322146601586467028945347114176837280405403142043353113566381e-01 1.13364197111425609572020055303750208895766718334034158884437433805866026783292239309534074214130240561789745e+00
39 1.21352549156242113615344012577422858829023188485432214660158646702894534711417683728040540314204335311356507e+00 1.23586240388167167025129373223016580819449498275804898146336428986106453236276713293458949297734649725915986e+00
40 -7.13525491562421136153440125774228588290231884854322146601586467028945347114176837280405403142043353113565945e-01 1.23586240388167167025129373223016580819449498275804898146336428986106453236276713293458949297734649725915986e+00
41 5.00000000000000000000000000000000000000000000000000000000000000000000000000000000000000000000000000000000000e-01 1.93649167310370844258963269989119980541646085264579541329378688305674154596848951675964368842933675895815116e+00
42 -8.72030175233669267437579001087448852120903011186827591869450258810144528127089077511175553787362693518969005e-106 1.93649167310370844258963269989119980541646085264579541329378688305674154596848951675964368842933675895815116e+00
43 -4.63525491562421136153440125774228588290231884854322146601586467028945347114176837280405403142043353113565509e-01 -1.66887510577389099363315531760663389993019629621064413847731603472404778658996714220487603966665864117806688e+00
44 9.63525491562421136153440125774228588290231884854322146601586467028945347114176837280405403142043353113565073e-01 -1.66887510577389099363315531760663389993019629621064413847731603472404778658996714220487603966665864117806688e+00
45 4.99999999999999999999999999999999999999999999999999999999999999999999999999999999999999999999999999999999782e-01 -1.93649167310370844258963269989119980541646085264579541329378688305674154596848951675964368842933675895815116e+00
46 -3.27011315712625975289092125407793319545338629195060346951043847053804198047658404066690832670261010069613377e-106 -1.93649167310370844258963269989119980541646085264579541329378688305674154596848951675964368842933675895815116e+00
47 -1.67705098312484227230688025154845717658046376970864429320317293405789069422835367456081080628408670622713189e+00 4.33012701892219323381861585376468091735701313452595157013951744862983254227200009270286546689312143918907024e-01
48 -9.63525491562421136153440125774228588290231884854322146601586467028945347114176837280405403142043353113565509e-01 1.66887510577389099363315531760663389993019629621064413847731603472404778658996714220487603966665864117806688e+00
49 -1.42705098312484227230688025154845717658046376970864429320317293405789069422835367456081080628408670622713102e+00 1.40125853844407354467667793532206799444393173977549286366084518639135402721144476765010839090398052339798260e+00
50 -1.67705098312484227230688025154845717658046376970864429320317293405789069422835367456081080628408670622713189e+00 9.68245836551854221294816349945599902708230426322897706646893441528370772984244758379821844214668379479075580e-01
51 1.67705098312484227230688025154845717658046376970864429320317293405789069422835367456081080628408670622713102e+00 4.33012701892219323381861585376468091735701313452595157013951744862983254227200009270286546689312143918906588e-01
52 7.13525491562421136153440125774228588290231884854322146601586467028945347114176837280405403142043353113565073e-01 -1.23586240388167167025129373223016580819449498275804898146336428986106453236276713293458949297734649725916073e+00
53 1.92705098312484227230688025154845717658046376970864429320317293405789069422835367456081080628408670622713015e+00 -5.35233134659634897912954764569131810972529112870302549632941696665387518757044749109535297525356235560168992e-01
54 1.67705098312484227230688025154845717658046376970864429320317293405789069422835367456081080628408670622713102e+00 -9.68245836551854221294816349945599902708230426322897706646893441528370772984244758379821844214668379479075580e-01
55 -1.17705098312484227230688025154845717658046376970864429320317293405789069422835367456081080628408670622713102e+00 4.33012701892219323381861585376468091735701313452595157013951744862983254227200009270286546689312143918906588e-01
56 -2.13525491562421136153440125774228588290231884854322146601586467028945347114176837280405403142043353113565509e-01 -1.23586240388167167025129373223016580819449498275804898146336428986106453236276713293458949297734649725915986e+00
57 -1.42705098312484227230688025154845717658046376970864429320317293405789069422835367456081080628408670622713189e+00 -5.35233134659634897912954764569131810972529112870302549632941696665387518757044749109535297525356235560168556e-01
58 -1.17705098312484227230688025154845717658046376970864429320317293405789069422835367456081080628408670622713189e+00 -9.68245836551854221294816349945599902708230426322897706646893441528370772984244758379821844214668379479075580e-01
59 2.17705098312484227230688025154845717658046376970864429320317293405789069422835367456081080628408670622713015e+00 4.33012701892219323381861585376468091735701313452595157013951744862983254227200009270286546689312143918907460e-01
60 1.46352549156242113615344012577422858829023188485432214660158646702894534711417683728040540314204335311356507e+00 1.66887510577389099363315531760663389993019629621064413847731603472404778658996714220487603966665864117806688e+00
61 1.92705098312484227230688025154845717658046376970864429320317293405789069422835367456081080628408670622713015e+00 1.40125853844407354467667793532206799444393173977549286366084518639135402721144476765010839090398052339798260e+00
62 2.17705098312484227230688025154845717658046376970864429320317293405789069422835367456081080628408670622713015e+00 9.68245836551854221294816349945599902708230426322897706646893441528370772984244758379821844214668379479075580e-01
63 2.50000000000000000000000000000000000000000000000000000000000000000000000000000000000000000000000000000000000e-01 -4.33012701892219323381861585376468091735701313452595157013951744862983254227200009270286546689312143918906588e-01
64 4.36015087616834633718789500543724426060451505593413795934725129405072264063544538755587776893681346759484503e-106 5.35233134659634897912954764569131810972529112870302549632941696665387518757044749109535297525356235560169428e-01
65 1.46352549156242113615344012577422858829023188485432214660158646702894534711417683728040540314204335311356507e+00 1.13364197111425609572020055303750208895766718334034158884437433805866026783292239309534074214130240561789745e+00
66 -2.13525491562421136153440125774228588290231884854322146601586467028945347114176837280405403142043353113565945e-01 1.65396134562401874425384203091902186249436757017443882197480896530289494848677634715518897926634026138822310e-01
67 5.45018859521043292148486875679655532575564381991767244918406411756340330079430673444484721117101683449355628e-107 -1.40125853844407354467667793532206799444393173977549286366084518639135402721144476765010839090398052339798260e+00
68 -2.50000000000000000000000000000000000000000000000000000000000000000000000000000000000000000000000000000000000e-01 4.33012701892219323381861585376468091735701313452595157013951744862983254227200009270286546689312143918907024e-01
69 -1.21352549156242113615344012577422858829023188485432214660158646702894534711417683728040540314204335311356595e+00 7.00629269222036772338338967661033997221965869887746431830422593195677013605722383825054195451990261698991302e-01
70 3.64745084375788638465598742257714117097681151456778533984135329710546528858231627195945968579566468864340545e-02 -2.67616567329817448956477382284565905486264556435151274816470848332693759378522374554767648762678117780084496e-01
71 1.71352549156242113615344012577422858829023188485432214660158646702894534711417683728040540314204335311356595e+00 7.00629269222036772338338967661033997221965869887746431830422593195677013605722383825054195451990261698991302e-01
72 4.63525491562421136153440125774228588290231884854322146601586467028945347114176837280405403142043353113565945e-01 -2.67616567329817448956477382284565905486264556435151274816470848332693759378522374554767648762678117780084496e-01
73 -9.63525491562421136153440125774228588290231884854322146601586467028945347114176837280405403142043353113564637e-01 1.13364197111425609572020055303750208895766718334034158884437433805866026783292239309534074214130240561789745e+00
74 4.99999999999999999999999999999999999999999999999999999999999999999999999999999999999999999999999999999999564e-01 5.35233134659634897912954764569131810972529112870302549632941696665387518757044749109535297525356235560169428e-01
75 4.99999999999999999999999999999999999999999999999999999999999999999999999999999999999999999999999999999999564e-01 -1.40125853844407354467667793532206799444393173977549286366084518639135402721144476765010839090398052339798260e+00
76 7.13525491562421136153440125774228588290231884854322146601586467028945347114176837280405403142043353113565509e-01 1.65396134562401874425384203091902186249436757017443882197480896530289494848677634715518897926634026138822310e-01
77 7.50000000000000000000000000000000000000000000000000000000000000000000000000000000000000000000000000000000436e-01 4.33012701892219323381861585376468091735701313452595157013951744862983254227200009270286546689312143918907024e-01
EDGES
0 3
0 4
0 5
0 6
0 9
0 10
0 11
0 12
0 27
0 28
0 29
0 30
1 3
1 4
1 7
1 8
1 13
1 14
1 15
1 16
1 31
1 32
1 33
1 34
2 5
2 6
2 7
2 8
2 17
2 18
2 19
2 20
2 35
2 36
2 37
2 38
3 5
3 8
3 9
3 13
3 21
3 22
3 39
3 40
3 41
3 42
4 6
4 7
4 10
4 14
4 23
4 24
4 43
4 44
4 45
4 46
5 7
5 11
5 17
5 21
5 25
5 47
5 48
5 49
5 50
6 8
6 12
6 18
6 23
6 26
6 51
6 52
6 53
6 54
7 15
7 19
7 24
7 25
7 55
7 56
7 57
7 58
8 16
8 20
8 22
8 26
8 59
8 60
8 61
8 62
9 14
9 26
9 27
9 39
9 63
9 64
9 65
10 13
10 25
10 28
10 43
10 63
10 66
10 67
11 18
11 24
11 29
11 47
11 68
11 69
11 70
12 17
12 22
12 30
12 51
12 68
12 71
12 72
13 25
13 31
13 40
13 63
13 73
13 74
14 26
14 32
14 44
14 63
14 75
14 76
15 20
15 21
15 33
15 55
15 69
15 70
15 77
16 19
16 23
16 34
16 59
16 71
16 72
16 77
17 22
17 35
17 48
17 68
17 73
17 74
18 24
18 36
18 52
18 68
18 75
18 76
19 23
19 37
19 56
19 66
19 67
19 77
20 21
20 38
20 60
20 64
20 65
20 77
21 41
21 49
22 42
22 61
23 45
23 53
24 46
24 57
25 50
25 58
26 54
26 62
27 29
27 37
27 44
27 54
27 67
28 30
28 38
28 40
28 50
28 64
29 34
29 46
29 52
29 72
30 33
30 42
30 48
30 69
31 34
31 36
31 43
31 58
31 75
32 33
32 35
32 39
32 62
32 74
33 41
33 60
33 71
34 45
34 56
34 70
35 37
35 51
35 61
35 76
36 38
36 47
36 57
36 73
37 53
37 59
37 65
38 49
38 55
38 66
39 41
39 62
39 74
40 42
40 50
40 64
41 60
42 48
43 45
43 58
43 75
44 46
44 54
44 67
45 56
46 52
47 49
47 57
47 73
48 50
48 69
49 55
51 53
51 61
51 76
52 54
52 72
53 59
55 57
55 66
56 58
56 70
59 61
59 65
60 62
60 71
63 64
63 67
63 68
63 74
63 75
63 77
65 77
66 77
68 69
68 72
68 73
68 76
68 77
70 77
71 77
DONE