NODES
0 0.00000000000000000000000000000000000000000000000000000000000000000000000000000000000000000000000000000000000e+00 0.00000000000000000000000000000000000000000000000000000000000000000000000000000000000000000000000000000000000e+00
1 5.00000000000000000000000000000000000000000000000000000000000000000000000000000000000000000000000000000000000e-01 0.00000000000000000000000000000000000000000000000000000000000000000000000000000000000000000000000000000000000e+00
2 2.50000000000000000000000000000000000000000000000000000000000000000000000000000000000000000000000000000000000e-01 4.33012701892219323381861585376468091735701313452595157013951744862983254227200009270286546689312143918906588e-01
3 2.50000000000000000000000000000000000000000000000000000000000000000000000000000000000000000000000000000000000e-01 9.68245836551854221294816349945599902708230426322897706646893441528370772984244758379821844214668379479075580e-01
4 2.50000000000000000000000000000000000000000000000000000000000000000000000000000000000000000000000000000000000e-01 -9.68245836551854221294816349945599902708230426322897706646893441528370772984244758379821844214668379479075580e-01
5 -7.13525491562421136153440125774228588290231884854322146601586467028945347114176837280405403142043353113565509e-01 7.00629269222036772338338967661033997221965869887746431830422593195677013605722383825054195451990261698991302e-01
6 9.63525491562421136153440125774228588290231884854322146601586467028945347114176837280405403142043353113565509e-01 -2.67616567329817448956477382284565905486264556435151274816470848332693759378522374554767648762678117780084496e-01
7 -4.63525491562421136153440125774228588290231884854322146601586467028945347114176837280405403142043353113565509e-01 -2.67616567329817448956477382284565905486264556435151274816470848332693759378522374554767648762678117780084496e-01
8 1.21352549156242113615344012577422858829023188485432214660158646702894534711417683728040540314204335311356507e+00 7.00629269222036772338338967661033997221965869887746431830422593195677013605722383825054195451990261698991302e-01
9 9.63525491562421136153440125774228588290231884854322146601586467028945347114176837280405403142043353113565509e-01 2.67616567329817448956477382284565905486264556435151274816470848332693759378522374554767648762678117780084496e-01
10 -7.13525491562421136153440125774228588290231884854322146601586467028945347114176837280405403142043353113565509e-01 -7.00629269222036772338338967661033997221965869887746431830422593195677013605722383825054195451990261698991302e-01
11 -9.63525491562421136153440125774228588290231884854322146601586467028945347114176837280405403142043353113565945e-01 -2.67616567329817448956477382284565905486264556435151274816470848332693759378522374554767648762678117780084278e-01
12 7.13525491562421136153440125774228588290231884854322146601586467028945347114176837280405403142043353113565509e-01 7.00629269222036772338338967661033997221965869887746431830422593195677013605722383825054195451990261698991302e-01
13 -4.63525491562421136153440125774228588290231884854322146601586467028945347114176837280405403142043353113565509e-01 2.67616567329817448956477382284565905486264556435151274816470848332693759378522374554767648762678117780084496e-01
14 1.21352549156242113615344012577422858829023188485432214660158646702894534711417683728040540314204335311356507e+00 -7.00629269222036772338338967661033997221965869887746431830422593195677013605722383825054195451990261698991302e-01
15 -2.13525491562421136153440125774228588290231884854322146601586467028945347114176837280405403142043353113565509e-01 7.00629269222036772338338967661033997221965869887746431830422593195677013605722383825054195451990261698991302e-01
16 1.46352549156242113615344012577422858829023188485432214660158646702894534711417683728040540314204335311356595e+00 -2.67616567329817448956477382284565905486264556435151274816470848332693759378522374554767648762678117780084278e-01
17 2.18007543808417316859394750271862213030225752796706897967362564702536132031772269377793888446840673379742251e-106 1.40125853844407354467667793532206799444393173977549286366084518639135402721144476765010839090398052339798260e+00
18 -4.36015087616834633718789500543724426060451505593413795934725129405072264063544538755587776893681346759484503e-106 -5.35233134659634897912954764569131810972529112870302549632941696665387518757044749109535297525356235560168992e-01
19 5.00000000000000000000000000000000000000000000000000000000000000000000000000000000000000000000000000000000000e-01 -5.35233134659634897912954764569131810972529112870302549632941696665387518757044749109535297525356235560168992e-01
20 4.99999999999999999999999999999999999999999999999999999999999999999999999999999999999999999999999999999999346e-01 1.40125853844407354467667793532206799444393173977549286366084518639135402721144476765010839090398052339798260e+00
21 -4.63525491562421136153440125774228588290231884854322146601586467028945347114176837280405403142043353113565509e-01 1.66887510577389099363315531760663389993019629621064413847731603472404778658996714220487603966665864117806688e+00
22 9.63525491562421136153440125774228588290231884854322146601586467028945347114176837280405403142043353113565073e-01 1.66887510577389099363315531760663389993019629621064413847731603472404778658996714220487603966665864117806688e+00
23 1.21352549156242113615344012577422858829023188485432214660158646702894534711417683728040540314204335311356507e+00 -1.23586240388167167025129373223016580819449498275804898146336428986106453236276713293458949297734649725915986e+00
24 -7.13525491562421136153440125774228588290231884854322146601586467028945347114176837280405403142043353113565945e-01 -1.23586240388167167025129373223016580819449498275804898146336428986106453236276713293458949297734649725915986e+00
25 -1.42705098312484227230688025154845717658046376970864429320317293405789069422835367456081080628408670622713102e+00 2.18007543808417316859394750271862213030225752796706897967362564702536132031772269377793888446840673379742251e-106
26 1.92705098312484227230688025154845717658046376970864429320317293405789069422835367456081080628408670622713015e+00 3.27011315712625975289092125407793319545338629195060346951043847053804198047658404066690832670261010069613377e-106
27 7.13525491562421136153440125774228588290231884854322146601586467028945347114176837280405403142043353113565509e-01 -7.00629269222036772338338967661033997221965869887746431830422593195677013605722383825054195451990261698991302e-01
28 -9.63525491562421136153440125774228588290231884854322146601586467028945347114176837280405403142043353113565945e-01 2.67616567329817448956477382284565905486264556435151274816470848332693759378522374554767648762678117780084278e-01
29 -2.50000000000000000000000000000000000000000000000000000000000000000000000000000000000000000000000000000000436e-01 -9.68245836551854221294816349945599902708230426322897706646893441528370772984244758379821844214668379479076016e-01
30 -2.50000000000000000000000000000000000000000000000000000000000000000000000000000000000000000000000000000000218e-01 9.68245836551854221294816349945599902708230426322897706646893441528370772984244758379821844214668379479075580e-01
31 -9.96871207368420330382916976024016895843384667778596515118422896359558634966138553850851571851518861313189866e-01 7.90430004480340561417045693992551689309221069667387730725580963251108896026919720682476578500930946620679939e-02
32 7.83345715805999194229476850249788307553152782924274368516836429330613287851961716570446168709475508199624792e-01 6.21586268774002716196634398261778828291043762921007658757864496870566124003030411756806537601897167036923526e-01
33 8.51972344663672121615586536761452878939629865958809806887792999934999799597805416651889488358770196860017906e-01 5.23586787388953386831442253854681593478343342525015387040400182848688428049848706452849886838500081183757598e-01
34 6.11553146898749014537853589012775709350602018895512339713793467093945547516371420628515914783273156253548040e-01 -7.91203354718770835787919636139247498964607898960166661856871031181382187428371081007617535601178198963841876e-01
35 9.29982357304867906856013963901391981084920965837047111041030286247065504076812013279313328042787944340225174e-01 3.67604155446699217156958845055402132498198700580165366150552917104202825464046887218438446121144792357387608e-01
36 -4.29982357304867906856013963901391981084920965837047111041030286247065504076812013279313328042787944340225174e-01 -9.02837290106334115069913609624533943470727813450467915783494613769590344221091636327973743646501027917556382e-01
37 -3.79425631296551446349463770898661102725370728130905212875793589249320211491426160505436885727395789277904058e-01 9.25222238338018656382308415740766149265787943749422059030266590835942178023234516943897581737981323020112691e-01
38 8.79425631296551446349463770898661102725370728130905212875793589249320211491426160505436885727395789277903186e-01 4.76036300106054888294369519581301845178143796026070804630578595555411849188210250706210809165999200377869913e-01
39 -1.11553146898749014537853589012775709350602018895512339713793467093945547516371420628515914783273156253547985e-01 -7.91203354718770835787919636139247498964607898960166661856871031181382187428371081007617535601178198963841876e-01
40 -3.51972344663672121615586536761452878939629865958809806887792999934999799597805416651889488358770196860017906e-01 5.23586787388953386831442253854681593478343342525015387040400182848688428049848706452849886838500081183757598e-01
41 -2.83345715805999194229476850249788307553152782924274368516836429330613287851961716570446168709475508199624792e-01 6.21586268774002716196634398261778828291043762921007658757864496870566124003030411756806537601897167036923526e-01
42 1.49687120736842033038291697602401689584338466777859651511842289635955863496613855385085157185151886131318987e+00 7.90430004480340561417045693992551689309221069667387730725580963251108896026919720682476578500930946620679939e-02
43 -2.13525491562421136153440125774228588290231884854322146601586467028945347114176837280405403142043353113565509e-01 -7.00629269222036772338338967661033997221965869887746431830422593195677013605722383825054195451990261698991302e-01
44 1.46352549156242113615344012577422858829023188485432214660158646702894534711417683728040540314204335311356595e+00 2.67616567329817448956477382284565905486264556435151274816470848332693759378522374554767648762678117780084278e-01
45 7.50000000000000000000000000000000000000000000000000000000000000000000000000000000000000000000000000000000000e-01 9.68245836551854221294816349945599902708230426322897706646893441528370772984244758379821844214668379479075580e-01
46 7.50000000000000000000000000000000000000000000000000000000000000000000000000000000000000000000000000000000436e-01 -9.68245836551854221294816349945599902708230426322897706646893441528370772984244758379821844214668379479076016e-01
47 -3.79425631296551446349463770898661102725370728130905212875793589249320211491426160505436885727395789277903622e-01 4.76036300106054888294369519581301845178143796026070804630578595555411849188210250706210809165999200377869477e-01
48 8.79425631296551446349463770898661102725370728130905212875793589249320211491426160505436885727395789277903622e-01 9.25222238338018656382308415740766149265787943749422059030266590835942178023234516943897581737981323020113127e-01
49 9.29982357304867906856013963901391981084920965837047111041030286247065504076812013279313328042787944340225174e-01 -9.02837290106334115069913609624533943470727813450467915783494613769590344221091636327973743646501027917557254e-01
50 -4.29982357304867906856013963901391981084920965837047111041030286247065504076812013279313328042787944340225392e-01 3.67604155446699217156958845055402132498198700580165366150552917104202825464046887218438446121144792357388044e-01
51 8.16888850063552423526903012122624914758463701941549404077392610112493130889326540571538243808730916972964692e-01 1.25680699155051938231007062560174686627550701993632429972488826230746270884559967353001263248572007717439476e+00
52 3.96636641498868712626537113651603673531768182912772742524193856916452216224850296708867159333312436140600600e-01 -5.56177722328482609971731657940712869053541150048577867894465669111785695239877289704958437033729815475403892e-01
53 2.77453286632879324733877234137208223785740862172095405988000589314320411893620743853547397368625592417885498e-01 -5.66610385602788951743950188059515346920785825098491034657027033541117023010858947888774149315187137642720486e-01
54 -7.40978778195300460887317359911436812075972747026417552589587056343265759007797581133952800510668945531451226e-01 2.98993818272971502787472805774949441434521268663339759840556185208423263632336573334006500552509019862635119e-01
55 1.03363358501131287373462886348396326468231817087227257475806143083547783775149703291132840666687563859399182e-01 -5.56177722328482609971731657940712869053541150048577867894465669111785695239877289704958437033729815475403892e-01
56 -3.16888850063552423526903012122624914758463701941549404077392610112493130889326540571538243808730916972964692e-01 1.25680699155051938231007062560174686627550701993632429972488826230746270884559967353001263248572007717439476e+00
57 1.24097877819530046088731735991143681207597274702641755258958705634326575900779758113395280051066894553145123e+00 2.98993818272971502787472805774949441434521268663339759840556185208423263632336573334006500552509019862635555e-01
58 2.22546713367120675266122765862791776214259137827904594011999410685679588106379256146452602631374407582113412e-01 -5.66610385602788951743950188059515346920785825098491034657027033541117023010858947888774149315187137642720486e-01
59 9.63525491562421136153440125774228588290231884854322146601586467028945347114176837280405403142043353113565945e-01 1.13364197111425609572020055303750208895766718334034158884437433805866026783292239309534074214130240561789833e+00
60 -7.13525491562421136153440125774228588290231884854322146601586467028945347114176837280405403142043353113565945e-01 1.65396134562401874425384203091902186249436757017443882197480896530289494848677634715518897926634026138822419e-01
61 1.21352549156242113615344012577422858829023188485432214660158646702894534711417683728040540314204335311356507e+00 1.65396134562401874425384203091902186249436757017443882197480896530289494848677634715518897926634026138822092e-01
62 -4.63525491562421136153440125774228588290231884854322146601586467028945347114176837280405403142043353113566381e-01 1.13364197111425609572020055303750208895766718334034158884437433805866026783292239309534074214130240561789745e+00
63 1.21352549156242113615344012577422858829023188485432214660158646702894534711417683728040540314204335311356507e+00 1.23586240388167167025129373223016580819449498275804898146336428986106453236276713293458949297734649725915986e+00
64 -7.13525491562421136153440125774228588290231884854322146601586467028945347114176837280405403142043353113565945e-01 1.23586240388167167025129373223016580819449498275804898146336428986106453236276713293458949297734649725915986e+00
65 7.63734914408852634925920183113749475027358650150239287688479989314068123747783597058975472769265221219428071e-01 1.10296865040535922804362704272221676129632826971528427016023543470627932739975270510483231730051965252055779e-01
66 -5.13734914408852634925920183113749475027358650150239287688479989314068123747783597058975472769265221219428943e-01 3.22715836851683400577498881104246415606068486481066729997928201392355321487224738759803314959260178666851135e-01
67 1.01373491440885263492592018311374947502735865015023928768847998931406812374778359705897547276926522121942807e+00 3.22715836851683400577498881104246415606068486481066729997928201392355321487224738759803314959260178666851135e-01
68 -2.63734914408852634925920183113749475027358650150239287688479989314068123747783597058975472769265221219428507e-01 1.10296865040535922804362704272221676129632826971528427016023543470627932739975270510483231730051965252055943e-01
69 5.00000000000000000000000000000000000000000000000000000000000000000000000000000000000000000000000000000000000e-01 1.93649167310370844258963269989119980541646085264579541329378688305674154596848951675964368842933675895815116e+00
70 -8.72030175233669267437579001087448852120903011186827591869450258810144528127089077511175553787362693518969005e-106 1.93649167310370844258963269989119980541646085264579541329378688305674154596848951675964368842933675895815116e+00
71 -4.63525491562421136153440125774228588290231884854322146601586467028945347114176837280405403142043353113565509e-01 -1.66887510577389099363315531760663389993019629621064413847731603472404778658996714220487603966665864117806688e+00
72 9.63525491562421136153440125774228588290231884854322146601586467028945347114176837280405403142043353113565073e-01 -1.66887510577389099363315531760663389993019629621064413847731603472404778658996714220487603966665864117806688e+00
73 4.99999999999999999999999999999999999999999999999999999999999999999999999999999999999999999999999999999999782e-01 -1.93649167310370844258963269989119980541646085264579541329378688305674154596848951675964368842933675895815116e+00
74 -3.27011315712625975289092125407793319545338629195060346951043847053804198047658404066690832670261010069613377e-106 -1.93649167310370844258963269989119980541646085264579541329378688305674154596848951675964368842933675895815116e+00
75 -1.67705098312484227230688025154845717658046376970864429320317293405789069422835367456081080628408670622713189e+00 4.33012701892219323381861585376468091735701313452595157013951744862983254227200009270286546689312143918907024e-01
76 -9.63525491562421136153440125774228588290231884854322146601586467028945347114176837280405403142043353113565509e-01 1.66887510577389099363315531760663389993019629621064413847731603472404778658996714220487603966665864117806688e+00
77 -1.42705098312484227230688025154845717658046376970864429320317293405789069422835367456081080628408670622713102e+00 1.40125853844407354467667793532206799444393173977549286366084518639135402721144476765010839090398052339798260e+00
78 -1.67705098312484227230688025154845717658046376970864429320317293405789069422835367456081080628408670622713189e+00 9.68245836551854221294816349945599902708230426322897706646893441528370772984244758379821844214668379479075580e-01
79 1.67705098312484227230688025154845717658046376970864429320317293405789069422835367456081080628408670622713102e+00 4.33012701892219323381861585376468091735701313452595157013951744862983254227200009270286546689312143918906588e-01
80 2.26126557126858250997358014257230870031152744230844092581873283242904287957471671003837897289189646534934352e-02 -6.06265405114932331272238851392680246679948326386576675488057622555321001076985943335943572360428587373677801e-01
81 4.77387344287314174900264198574276912996884725576915590741812671675709571204252832899616210271081035346506565e-01 6.06265405114932331272238851392680246679948326386576675488057622555321001076985943335943572360428587373677801e-01
82 -3.63475701215384600256559845394725620304739245733236969466673176383585525435307641593592624981841858729217246e-02 -2.83549568263248930694739970288433831073879839905509945490129421162965679589761204576140257401168408706826883e-01
83 7.86347570121538460025655984539472562030473924573323696946667317638358552543530764159359262498184185872921943e-01 7.16562270155468254076601555664901922809581153358105102504081166025948933816961213846426804090480552625733253e-01
84 7.13525491562421136153440125774228588290231884854322146601586467028945347114176837280405403142043353113565073e-01 -1.23586240388167167025129373223016580819449498275804898146336428986106453236276713293458949297734649725916073e+00
85 1.92705098312484227230688025154845717658046376970864429320317293405789069422835367456081080628408670622713015e+00 -5.35233134659634897912954764569131810972529112870302549632941696665387518757044749109535297525356235560168992e-01
86 1.67705098312484227230688025154845717658046376970864429320317293405789069422835367456081080628408670622713102e+00 -9.68245836551854221294816349945599902708230426322897706646893441528370772984244758379821844214668379479075580e-01
87 2.26126557126858250997358014257230870031152744230844092581873283242904287957471671003837897289189646534934352e-02 6.06265405114932331272238851392680246679948326386576675488057622555321001076985943335943572360428587373677801e-01
88 4.77387344287314174900264198574276912996884725576915590741812671675709571204252832899616210271081035346506565e-01 -6.06265405114932331272238851392680246679948326386576675488057622555321001076985943335943572360428587373677801e-01
89 -2.86347570121538460025655984539472562030473924573323696946667317638358552543530764159359262498184185872921725e-01 7.16562270155468254076601555664901922809581153358105102504081166025948933816961213846426804090480552625733253e-01
90 5.36347570121538460025655984539472562030473924573323696946667317638358552543530764159359262498184185872921943e-01 -2.83549568263248930694739970288433831073879839905509945490129421162965679589761204576140257401168408706826883e-01
91 -1.17705098312484227230688025154845717658046376970864429320317293405789069422835367456081080628408670622713102e+00 4.33012701892219323381861585376468091735701313452595157013951744862983254227200009270286546689312143918906588e-01
92 -2.13525491562421136153440125774228588290231884854322146601586467028945347114176837280405403142043353113565509e-01 -1.23586240388167167025129373223016580819449498275804898146336428986106453236276713293458949297734649725915986e+00
93 -1.42705098312484227230688025154845717658046376970864429320317293405789069422835367456081080628408670622713189e+00 -5.35233134659634897912954764569131810972529112870302549632941696665387518757044749109535297525356235560168556e-01
94 -1.17705098312484227230688025154845717658046376970864429320317293405789069422835367456081080628408670622713189e+00 -9.68245836551854221294816349945599902708230426322897706646893441528370772984244758379821844214668379479075580e-01
95 2.17705098312484227230688025154845717658046376970864429320317293405789069422835367456081080628408670622713015e+00 4.33012701892219323381861585376468091735701313452595157013951744862983254227200009270286546689312143918907460e-01
96 1.46352549156242113615344012577422858829023188485432214660158646702894534711417683728040540314204335311356507e+00 1.66887510577389099363315531760663389993019629621064413847731603472404778658996714220487603966665864117806688e+00
97 1.92705098312484227230688025154845717658046376970864429320317293405789069422835367456081080628408670622713015e+00 1.40125853844407354467667793532206799444393173977549286366084518639135402721144476765010839090398052339798260e+00
98 2.17705098312484227230688025154845717658046376970864429320317293405789069422835367456081080628408670622713015e+00 9.68245836551854221294816349945599902708230426322897706646893441528370772984244758379821844214668379479075580e-01
99 2.50000000000000000000000000000000000000000000000000000000000000000000000000000000000000000000000000000000000e-01 -4.33012701892219323381861585376468091735701313452595157013951744862983254227200009270286546689312143918906588e-01
100 1.67705098312484227230688025154845717658046376970864429320317293405789069422835367456081080628408670622713189e+00 9.68245836551854221294816349945599902708230426322897706646893441528370772984244758379821844214668379479075580e-01
101 1.06061630915327361944598957062462823230790658536055536368836280909666598035130560401112084141423832147886054e-01 -2.46927626772284288820280131008956682564662879215872055460846086657559211225307027476930162780617206323631256e-01
102 6.43938369084672638055401042937537176769209341463944463631163719090333401964869439598887915858576167852113728e-01 1.21517346332413851011509648095455658527289330553876976210773952818592998420955178585675200699528558580270684e+00
103 1.89350784886728904300945408967562056937515285069136925764261675327601085119098885055971873118483129745379112e+00 6.35220722776516666113436227339968037984463257015316640967023765436896584842569261773206094883822910137472976e-01
104 5.33543134257553229297426161872836607205310919017275035560556180781879843037364824001092075099255408773341208e-01 -6.35220722776516666113436227339968037984463257015316640967023765436896584842569261773206094883822910137472976e-01
105 -2.74532866328793247338772341372082237857408621720954059880005893143204118936207438535473973686255924178861524e-02 4.01635450949065269550866161886084555787444601224406671989866407987253749973385810491047694899481241836355311e-01
106 9.90978778195300460887317359911436812075972747026417552589587056343265759007797581133952800510668945531452098e-01 1.26723965482482572408228915572054934414275169498623746648744962673679403661658133171382834476717739934171179e+00
107 9.80401904701085480975719487249664560937195628071397996653665714980400132975082192212412698439686465770084502e-01 -7.32241015868696437014707996193658688906038001556062949328917371856234077927245121909799480025904054719814979e-01
108 -1.68764131386643448222793614754359726469637432170758500520792479514547858609053549320072952976431126565194288e-02 4.64624448538878988058230613909092783419773445120911674512446523523540318548722747355031831263225936939730047e-01
109 1.49913363981085897762757217180167818322232813915073788038043868824834590013591801514321929997735808804342092e+00 -5.76850075901210020150286398603681253180386734223635247730839408126259029744919250594440952824151429856186573e-01
110 -3.56081482484378414741320460274495949320962542964157337788522212194005530217411778628138968353147349298562792e-02 3.09233508571392571193809016319115347694122177788483972914368559793565270366396876039673304061473312076101859e-01
111 4.36015087616834633718789500543724426060451505593413795934725129405072264063544538755587776893681346759484503e-106 5.35233134659634897912954764569131810972529112870302549632941696665387518757044749109535297525356235560169428e-01
112 1.46352549156242113615344012577422858829023188485432214660158646702894534711417683728040540314204335311356507e+00 1.13364197111425609572020055303750208895766718334034158884437433805866026783292239309534074214130240561789745e+00
113 1.72726040597127377107936030888797806331759053500456143429006645634301347086196043433938087591130857433299314e+00 -3.77913432370353371760840086556787581615897383406679701832494391803321692118497645065250880492730083032140166e-01
114 4.49790577153568501227519942660479113262873234704082858913106477714877223366393240221429930372778131894136566e-01 -5.90332404181500849533976263388812321092333042916218004814399049725049080865747113314570963721938296446934977e-01
115 -1.67705098312484227230688025154845717658046376970864429320317293405789069422835367456081080628408670622713189e+00 -9.68245836551854221294816349945599902708230426322897706646893441528370772984244758379821844214668379479076016e-01
116 -1.09295112285897258250290389667288969101560261298522735947738005627826555860560299778584228886943914239146913e+00 2.24592969115981884043969448079732152043822073861675627199843997640265164417512133118843386285991061321121825e-01
117 1.65900139734130310196023645124432514435138843276583066274207122220374864377249323225031482585352436164338113e-01 -2.24592969115981884043969448079732152043822073861675627199843997640265164417512133118843386285991061321121825e-01
118 -5.66888850063552423526903012122624914758463701941549404077392610112493130889326540571538243808730916972965564e-01 2.88561154998665161015254275656146963567276593613426593077994820779091935861354915150190788271051697695320050e-01
119 -1.46636641498868712626537113651603673531768182912772742524193856916452216224850296708867159333312436140600491e-01 -1.52442355888033683126654800788631277176177157637147557454135911064015646822412204808478028124839819495447991e+00
120 -2.13525491562421136153440125774228588290231884854322146601586467028945347114176837280405403142043353113565945e-01 1.65396134562401874425384203091902186249436757017443882197480896530289494848677634715518897926634026138822310e-01
121 5.45018859521043292148486875679655532575564381991767244918406411756340330079430673444484721117101683449355628e-107 -1.40125853844407354467667793532206799444393173977549286366084518639135402721144476765010839090398052339798260e+00
122 -2.50000000000000000000000000000000000000000000000000000000000000000000000000000000000000000000000000000000000e-01 4.33012701892219323381861585376468091735701313452595157013951744862983254227200009270286546689312143918907024e-01
123 -1.39350784886728904300945408967562056937515285069136925764261675327601085119098885055971873118483129745379112e+00 6.35220722776516666113436227339968037984463257015316640967023765436896584842569261773206094883822910137472976e-01
124 -3.35431342575532292974261618728366072053109190172750355605561807818798430373648240010920750992554087733412076e-02 -6.35220722776516666113436227339968037984463257015316640967023765436896584842569261773206094883822910137472976e-01
125 -1.21352549156242113615344012577422858829023188485432214660158646702894534711417683728040540314204335311356595e+00 7.00629269222036772338338967661033997221965869887746431830422593195677013605722383825054195451990261698991302e-01
126 3.64745084375788638465598742257714117097681151456778533984135329710546528858231627195945968579566468864340545e-02 -2.67616567329817448956477382284565905486264556435151274816470848332693759378522374554767648762678117780084496e-01
127 -1.11553146898749014537853589012775709350602018895512339713793467093945547516371420628515914783273156253547767e-01 2.55970220059135937874964871570115687992078786089864112223929334515994668671326331898082238075821963403673102e-01
128 -3.51972344663672121615586536761452878939629865958809806887792999934999799597805416651889488358770196860018124e-01 -1.05881992204858828474439701842381340445087245539531793667334187951407594680689345556238518436385631674392615e+00
129 3.93938369084672638055401042937537176769209341463944463631163719090333401964869439598887915858576167852113946e-01 -2.46927626772284288820280131008956682564662879215872055460846086657559211225307027476930162780617206323631256e-01
130 -1.43938369084672638055401042937537176769209341463944463631163719090333401964869439598887915858576167852113946e-01 1.21517346332413851011509648095455658527289330553876976210773952818592998420955178585675200699528558580270684e+00
131 1.59295112285897258250290389667288969101560261298522735947738005627826555860560299778584228886943914239146913e+00 2.24592969115981884043969448079732152043822073861675627199843997640265164417512133118843386285991061321121716e-01
132 3.34099860265869689803976354875567485564861156723416933725792877779625135622750676774968517414647563835661451e-01 -2.24592969115981884043969448079732152043822073861675627199843997640265164417512133118843386285991061321121716e-01
133 2.50000000000000000000000000000000000000000000000000000000000000000000000000000000000000000000000000000000000e-01 -1.85454315250565819005756447261762603652543042124372788814785374724147286505593742809060061433634480233297130e-01
134 2.50000000000000000000000000000000000000000000000000000000000000000000000000000000000000000000000000000000000e-01 1.58671285369463936368243438258383059809647478189986565247563056111550131371703851045916845233761500363127930e+00
135 1.71352549156242113615344012577422858829023188485432214660158646702894534711417683728040540314204335311356595e+00 7.00629269222036772338338967661033997221965869887746431830422593195677013605722383825054195451990261698991302e-01
136 4.63525491562421136153440125774228588290231884854322146601586467028945347114176837280405403142043353113565945e-01 -2.67616567329817448956477382284565905486264556435151274816470848332693759378522374554767648762678117780084496e-01
137 1.37434027378575811903112053018720173770640496953534246028482943407073353493995163181130061429826263362219867e+00 -4.99197455632227497185268993844298046311539905301116557648704114667126520551066546766659802800693871639849415e-02
138 -1.60814782223336982877680404412973149416173084681020313683242967041788187825774794530895211156219280508633157e-01 2.15315880125624624143911102476331990880590747547555537962351307997002146903784289392184878206703413302807687e-01
139 -2.83345715805999194229476850249788307553152782924274368516836429330613287851961716570446168709475508199624792e-01 7.79672269670070828480043537060289166152887976854485204902980689520787903208414355893301853302083356361058642e-01
140 1.49687120736842033038291697602401689584338466777859651511842289635955863496613855385085157185151886131318987e+00 1.32221553799603948853497336592281282551300963280875409058828709006624313760875279558186073305388742873591483e+00
141 -2.86347570121538460025655984539472562030473924573323696946667317638358552543530764159359262498184185872921725e-01 6.84696268288605290600076379657166071634350586417387761156764020365405093394483553803681586813499970772248914e-01
142 5.36347570121538460025655984539472562030473924573323696946667317638358552543530764159359262498184185872921943e-01 1.68480810670732247537141790561050182551781157968100280915097460755431970680120597222624864830514893210480971e+00
143 -1.17705098312484227230688025154845717658046376970864429320317293405789069422835367456081080628408670622713189e+00 9.68245836551854221294816349945599902708230426322897706646893441528370772984244758379821844214668379479075580e-01
144 -9.63525491562421136153440125774228588290231884854322146601586467028945347114176837280405403142043353113564637e-01 1.13364197111425609572020055303750208895766718334034158884437433805866026783292239309534074214130240561789745e+00
145 4.99999999999999999999999999999999999999999999999999999999999999999999999999999999999999999999999999999999564e-01 5.35233134659634897912954764569131810972529112870302549632941696665387518757044749109535297525356235560169428e-01
146 5.35608148248437841474132046027449594932096254296415733778852221219400553021741177862813896835314734929855843e-01 3.09233508571392571193809016319115347694122177788483972914368559793565270366396876039673304061473312076101423e-01
147 -9.99133639810858977627572171801678183222328139150737880380438688248345900135918015143219299977358088043421789e-01 -5.76850075901210020150286398603681253180386734223635247730839408126259029744919250594440952824151429856186137e-01
148 5.16876413138664344822279361475435972646963743217075850052079247951454785860905354932007295297643112656519429e-01 4.64624448538878988058230613909092783419773445120911674512446523523540318548722747355031831263225936939730483e-01
149 -4.80401904701085480975719487249664560937195628071397996653665714980400132975082192212412698439686465770084938e-01 -7.32241015868696437014707996193658688906038001556062949328917371856234077927245121909799480025904054719814979e-01
150 -4.90978778195300460887317359911436812075972747026417552589587056343265759007797581133952800510668945531452098e-01 1.26723965482482572408228915572054934414275169498623746648744962673679403661658133171382834476717739934171179e+00
151 5.27453286632879324733877234137208223785740862172095405988000589314320411893620743853547397368625592417886152e-01 4.01635450949065269550866161886084555787444601224406671989866407987253749973385810491047694899481241836355311e-01
152 5.02094228464314987724800573395208867371267652959171410868935222851227766336067597785700696272218681058625619e-02 -5.90332404181500849533976263388812321092333042916218004814399049725049080865747113314570963721938296446935413e-01
153 -1.22726040597127377107936030888797806331759053500456143429006645634301347086196043433938087591130857433299489e+00 -3.77913432370353371760840086556787581615897383406679701832494391803321692118497645065250880492730083032139730e-01
154 2.17705098312484227230688025154845717658046376970864429320317293405789069422835367456081080628408670622713015e+00 -9.68245836551854221294816349945599902708230426322897706646893441528370772984244758379821844214668379479076452e-01
155 4.99999999999999999999999999999999999999999999999999999999999999999999999999999999999999999999999999999999564e-01 -1.40125853844407354467667793532206799444393173977549286366084518639135402721144476765010839090398052339798260e+00
156 7.13525491562421136153440125774228588290231884854322146601586467028945347114176837280405403142043353113565509e-01 1.65396134562401874425384203091902186249436757017443882197480896530289494848677634715518897926634026138822310e-01
157 6.46636641498868712626537113651603673531768182912772742524193856916452216224850296708867159333312436140599946e-01 -1.52442355888033683126654800788631277176177157637147557454135911064015646822412204808478028124839819495447991e+00
158 1.06688885006355242352690301212262491475846370194154940407739261011249313088932654057153824380873091697296469e+00 2.88561154998665161015254275656146963567276593613426593077994820779091935861354915150190788271051697695320050e-01
159 7.50000000000000000000000000000000000000000000000000000000000000000000000000000000000000000000000000000000436e-01 4.33012701892219323381861585376468091735701313452595157013951744862983254227200009270286546689312143918907024e-01
160 -9.96871207368420330382916976024016895843384667778596515118422896359558634966138553850851571851518861313189866e-01 1.32221553799603948853497336592281282551300963280875409058828709006624313760875279558186073305388742873591483e+00
161 7.83345715805999194229476850249788307553152782924274368516836429330613287851961716570446168709475508199624792e-01 7.79672269670070828480043537060289166152887976854485204902980689520787903208414355893301853302083356361059078e-01
162 6.60814782223336982877680404412973149416173084681020313683242967041788187825774794530895211156219280508632721e-01 2.15315880125624624143911102476331990880590747547555537962351307997002146903784289392184878206703413302807360e-01
163 -8.74340273785758119031120530187201737706404969535342460284829434070733534939951631811300614298262633622198666e-01 -4.99197455632227497185268993844298046311539905301116557648704114667126520551066546766659802800693871639846145e-02
164 -3.63475701215384600256559845394725620304739245733236969466673176383585525435307641593592624981841858729232507e-02 1.68480810670732247537141790561050182551781157968100280915097460755431970680120597222624864830514893210480971e+00
165 7.86347570121538460025655984539472562030473924573323696946667317638358552543530764159359262498184185872922379e-01 6.84696268288605290600076379657166071634350586417387761156764020365405093394483553803681586813499970772248042e-01
166 8.51972344663672121615586536761452878939629865958809806887792999934999799597805416651889488358770196860017906e-01 -1.05881992204858828474439701842381340445087245539531793667334187951407594680689345556238518436385631674392703e+00
167 6.11553146898749014537853589012775709350602018895512339713793467093945547516371420628515914783273156253547167e-01 2.55970220059135937874964871570115687992078786089864112223929334515994668671326331898082238075821963403673538e-01
168 2.49999999999999999999999999999999999999999999999999999999999999999999999999999999999999999999999999999999782e-01 2.36950437499592776597149428526766789715216216609839057030773862791972480019568952602993023511864890287705818e+00
169 2.49999999999999999999999999999999999999999999999999999999999999999999999999999999999999999999999999999999782e-01 -1.50347897121148911920777111451473171368075953919320025627983513819375829174128950748935714174002461503924414e+00
170 -9.40912835849735311053704324348505501287116610431237737343399138704654918318429670180021613413124388460072946e-01 -8.73881972444749780228716233677246152166212882821727950304528470888014760455508317890711221123106705153762951e-01
171 -4.86138147275106961253175927199951675293347159277406555859773795353235775909924004380789192870962317767058073e-01 3.38648837785114882315761469108114341193683769951425400671586774222627241698463568781175923597750469593594395e-01
172 9.86138147275106961253175927199951675293347159277406555859773795353235775909924004380789192870962317767057637e-01 3.38648837785114882315761469108114341193683769951425400671586774222627241698463568781175923597750469593594395e-01
173 1.44091283584973531105370432434850550128711661043123773734339913870465491831842967018002161341312438846007207e+00 -8.73881972444749780228716233677246152166212882821727950304528470888014760455508317890711221123106705153762951e-01
EDGES
0 3
0 4
0 5
0 6
0 9
0 10
0 11
0 12
0 27
0 28
0 29
0 30
0 31
0 32
0 33
0 34
0 35
0 36
0 37
0 38
1 3
1 4
1 7
1 8
1 13
1 14
1 15
1 16
1 39
1 40
1 41
1 42
1 43
1 44
1 45
1 46
1 47
1 48
1 49
1 50
2 5
2 6
2 7
2 8
2 17
2 18
2 19
2 20
2 51
2 52
2 53
2 54
2 55
2 56
2 57
2 58
2 59
2 60
2 61
2 62
3 5
3 8
3 9
3 13
3 21
3 22
3 63
3 64
3 65
3 66
3 67
3 68
3 69
3 70
4 6
4 7
4 10
4 14
4 23
4 24
4 71
4 72
4 73
4 74
5 7
5 11
5 17
5 21
5 25
5 75
5 76
5 77
5 78
6 8
6 12
6 18
6 23
6 26
6 79
6 80
6 81
6 82
6 83
6 84
6 85
6 86
7 15
7 19
7 24
7 25
7 87
7 88
7 89
7 90
7 91
7 92
7 93
7 94
8 16
8 20
8 22
8 26
8 95
8 96
8 97
8 98
9 14
9 26
9 27
9 51
9 52
9 63
9 87
9 88
9 99
9 100
9 101
9 102
9 103
9 104
9 105
9 106
9 107
9 108
9 109
9 110
9 111
9 112
9 113
9 114
10 13
10 25
10 28
10 53
10 54
10 71
10 99
10 115
10 116
10 117
10 118
10 119
10 120
10 121
11 18
11 24
11 29
11 39
11 40
11 75
11 115
11 122
11 123
11 124
11 125
11 126
11 127
11 128
12 17
12 22
12 30
12 41
12 42
12 79
12 89
12 90
12 100
12 122
12 129
12 130
12 131
12 132
12 133
12 134
12 135
12 136
12 137
12 138
12 139
12 140
12 141
12 142
13 25
13 43
13 55
13 56
13 64
13 80
13 81
13 99
13 123
13 124
13 129
13 130
13 143
13 144
13 145
13 146
13 147
13 148
13 149
13 150
13 151
13 152
13 153
14 26
14 44
14 57
14 58
14 72
14 99
14 131
14 132
14 154
14 155
14 156
14 157
14 158
15 20
15 21
15 31
15 32
15 45
15 82
15 83
15 91
15 101
15 102
15 116
15 117
15 125
15 126
15 133
15 134
15 143
15 159
15 160
15 161
15 162
15 163
15 164
15 165
16 19
16 23
16 33
16 34
16 46
16 95
16 103
16 104
16 135
16 136
16 154
16 159
16 166
16 167
17 22
17 47
17 48
17 59
17 76
17 105
17 106
17 122
17 144
17 145
17 160
17 161
17 168
18 24
18 49
18 50
18 60
18 65
18 66
18 84
18 107
18 108
18 118
18 119
18 122
18 146
18 147
18 155
18 156
18 162
18 163
18 166
18 167
18 169
18 170
18 171
19 23
19 35
19 36
19 61
19 67
19 68
19 92
19 109
19 110
19 120
19 121
19 127
19 128
19 137
19 138
19 148
19 149
19 157
19 158
19 159
19 169
19 172
19 173
20 21
20 37
20 38
20 62
20 96
20 111
20 112
20 139
20 140
20 150
20 151
20 159
20 168
21 69
21 77
21 141
21 142
21 143
21 168
22 70
22 97
22 100
22 164
22 165
22 168
23 73
23 85
23 113
23 114
23 154
23 169
24 74
24 93
24 115
24 152
24 153
24 169
25 78
25 94
25 115
25 143
25 170
25 171
26 86
26 98
26 100
26 154
26 172
26 173
27 29
27 61
27 72
27 86
27 121
28 30
28 62
28 64
28 78
28 111
29 46
29 74
29 84
29 136
30 45
30 70
30 76
30 125
31 139
32 140
33 127
34 128
35 103
36 104
37 116
38 117
39 166
40 167
41 160
42 161
43 46
43 60
43 71
43 94
43 155
44 45
44 59
44 63
44 98
44 145
45 69
45 96
45 135
46 73
46 92
46 126
47 132
48 131
49 124
50 123
51 158
52 157
53 151
54 150
55 119
56 118
57 106
58 105
59 61
59 79
59 97
59 156
60 62
60 75
60 93
60 144
61 85
61 95
61 112
62 77
62 91
62 120
63 69
63 98
63 145
64 70
64 78
64 111
65 152
66 153
67 113
68 114
69 96
70 76
71 73
71 94
71 155
72 74
72 86
72 121
73 92
74 84
75 77
75 93
75 144
76 78
76 125
77 91
79 85
79 97
79 156
80 170
81 171
82 141
83 142
84 86
84 136
85 95
87 172
88 173
89 164
90 165
91 93
91 120
92 94
92 126
95 97
95 112
96 98
96 135
99 111
99 121
99 122
99 145
99 155
99 159
101 107
101 163
102 108
102 162
107 162
108 163
112 159
120 159
122 125
122 136
122 144
122 156
122 159
126 159
129 137
129 149
130 138
130 148
135 159
137 148
138 149
DONE