NODES
0 0.00000000000000000000000000000000000000000000000000000000000000000000000000000000000000000000000000000000000e+00 0.00000000000000000000000000000000000000000000000000000000000000000000000000000000000000000000000000000000000e+00
1 5.00000000000000000000000000000000000000000000000000000000000000000000000000000000000000000000000000000000000e-01 0.00000000000000000000000000000000000000000000000000000000000000000000000000000000000000000000000000000000000e+00
2 2.50000000000000000000000000000000000000000000000000000000000000000000000000000000000000000000000000000000000e-01 4.33012701892219323381861585376468091735701313452595157013951744862983254227200009270286546689312143918906588e-01
3 2.50000000000000000000000000000000000000000000000000000000000000000000000000000000000000000000000000000000000e-01 9.68245836551854221294816349945599902708230426322897706646893441528370772984244758379821844214668379479075580e-01
4 2.50000000000000000000000000000000000000000000000000000000000000000000000000000000000000000000000000000000000e-01 -9.68245836551854221294816349945599902708230426322897706646893441528370772984244758379821844214668379479075580e-01
5 -7.13525491562421136153440125774228588290231884854322146601586467028945347114176837280405403142043353113565509e-01 7.00629269222036772338338967661033997221965869887746431830422593195677013605722383825054195451990261698991302e-01
6 9.63525491562421136153440125774228588290231884854322146601586467028945347114176837280405403142043353113565509e-01 -2.67616567329817448956477382284565905486264556435151274816470848332693759378522374554767648762678117780084496e-01
7 -4.63525491562421136153440125774228588290231884854322146601586467028945347114176837280405403142043353113565509e-01 -2.67616567329817448956477382284565905486264556435151274816470848332693759378522374554767648762678117780084496e-01
8 1.21352549156242113615344012577422858829023188485432214660158646702894534711417683728040540314204335311356507e+00 7.00629269222036772338338967661033997221965869887746431830422593195677013605722383825054195451990261698991302e-01
9 9.63525491562421136153440125774228588290231884854322146601586467028945347114176837280405403142043353113565509e-01 2.67616567329817448956477382284565905486264556435151274816470848332693759378522374554767648762678117780084496e-01
10 -7.13525491562421136153440125774228588290231884854322146601586467028945347114176837280405403142043353113565509e-01 -7.00629269222036772338338967661033997221965869887746431830422593195677013605722383825054195451990261698991302e-01
11 -9.63525491562421136153440125774228588290231884854322146601586467028945347114176837280405403142043353113565945e-01 -2.67616567329817448956477382284565905486264556435151274816470848332693759378522374554767648762678117780084278e-01
12 7.13525491562421136153440125774228588290231884854322146601586467028945347114176837280405403142043353113565509e-01 7.00629269222036772338338967661033997221965869887746431830422593195677013605722383825054195451990261698991302e-01
13 -4.63525491562421136153440125774228588290231884854322146601586467028945347114176837280405403142043353113565509e-01 2.67616567329817448956477382284565905486264556435151274816470848332693759378522374554767648762678117780084496e-01
14 1.21352549156242113615344012577422858829023188485432214660158646702894534711417683728040540314204335311356507e+00 -7.00629269222036772338338967661033997221965869887746431830422593195677013605722383825054195451990261698991302e-01
15 -2.13525491562421136153440125774228588290231884854322146601586467028945347114176837280405403142043353113565509e-01 7.00629269222036772338338967661033997221965869887746431830422593195677013605722383825054195451990261698991302e-01
16 1.46352549156242113615344012577422858829023188485432214660158646702894534711417683728040540314204335311356595e+00 -2.67616567329817448956477382284565905486264556435151274816470848332693759378522374554767648762678117780084278e-01
17 2.18007543808417316859394750271862213030225752796706897967362564702536132031772269377793888446840673379742251e-106 1.40125853844407354467667793532206799444393173977549286366084518639135402721144476765010839090398052339798260e+00
18 -4.36015087616834633718789500543724426060451505593413795934725129405072264063544538755587776893681346759484503e-106 -5.35233134659634897912954764569131810972529112870302549632941696665387518757044749109535297525356235560168992e-01
19 5.00000000000000000000000000000000000000000000000000000000000000000000000000000000000000000000000000000000000e-01 -5.35233134659634897912954764569131810972529112870302549632941696665387518757044749109535297525356235560168992e-01
20 4.99999999999999999999999999999999999999999999999999999999999999999999999999999999999999999999999999999999346e-01 1.40125853844407354467667793532206799444393173977549286366084518639135402721144476765010839090398052339798260e+00
21 7.13525491562421136153440125774228588290231884854322146601586467028945347114176837280405403142043353113565509e-01 -7.00629269222036772338338967661033997221965869887746431830422593195677013605722383825054195451990261698991302e-01
22 -9.63525491562421136153440125774228588290231884854322146601586467028945347114176837280405403142043353113565945e-01 2.67616567329817448956477382284565905486264556435151274816470848332693759378522374554767648762678117780084278e-01
23 -2.50000000000000000000000000000000000000000000000000000000000000000000000000000000000000000000000000000000436e-01 -9.68245836551854221294816349945599902708230426322897706646893441528370772984244758379821844214668379479076016e-01
24 -2.50000000000000000000000000000000000000000000000000000000000000000000000000000000000000000000000000000000218e-01 9.68245836551854221294816349945599902708230426322897706646893441528370772984244758379821844214668379479075580e-01
25 -2.13525491562421136153440125774228588290231884854322146601586467028945347114176837280405403142043353113565509e-01 -7.00629269222036772338338967661033997221965869887746431830422593195677013605722383825054195451990261698991302e-01
26 1.46352549156242113615344012577422858829023188485432214660158646702894534711417683728040540314204335311356595e+00 2.67616567329817448956477382284565905486264556435151274816470848332693759378522374554767648762678117780084278e-01
27 7.50000000000000000000000000000000000000000000000000000000000000000000000000000000000000000000000000000000000e-01 9.68245836551854221294816349945599902708230426322897706646893441528370772984244758379821844214668379479075580e-01
28 7.50000000000000000000000000000000000000000000000000000000000000000000000000000000000000000000000000000000436e-01 -9.68245836551854221294816349945599902708230426322897706646893441528370772984244758379821844214668379479076016e-01
29 9.63525491562421136153440125774228588290231884854322146601586467028945347114176837280405403142043353113565945e-01 1.13364197111425609572020055303750208895766718334034158884437433805866026783292239309534074214130240561789833e+00
30 -7.13525491562421136153440125774228588290231884854322146601586467028945347114176837280405403142043353113565945e-01 1.65396134562401874425384203091902186249436757017443882197480896530289494848677634715518897926634026138822419e-01
31 1.21352549156242113615344012577422858829023188485432214660158646702894534711417683728040540314204335311356507e+00 1.65396134562401874425384203091902186249436757017443882197480896530289494848677634715518897926634026138822092e-01
32 -4.63525491562421136153440125774228588290231884854322146601586467028945347114176837280405403142043353113566381e-01 1.13364197111425609572020055303750208895766718334034158884437433805866026783292239309534074214130240561789745e+00
33 1.21352549156242113615344012577422858829023188485432214660158646702894534711417683728040540314204335311356507e+00 1.23586240388167167025129373223016580819449498275804898146336428986106453236276713293458949297734649725915986e+00
34 -7.13525491562421136153440125774228588290231884854322146601586467028945347114176837280405403142043353113565945e-01 1.23586240388167167025129373223016580819449498275804898146336428986106453236276713293458949297734649725915986e+00
35 -4.63525491562421136153440125774228588290231884854322146601586467028945347114176837280405403142043353113565509e-01 -1.66887510577389099363315531760663389993019629621064413847731603472404778658996714220487603966665864117806688e+00
36 9.63525491562421136153440125774228588290231884854322146601586467028945347114176837280405403142043353113565073e-01 -1.66887510577389099363315531760663389993019629621064413847731603472404778658996714220487603966665864117806688e+00
37 -1.67705098312484227230688025154845717658046376970864429320317293405789069422835367456081080628408670622713189e+00 4.33012701892219323381861585376468091735701313452595157013951744862983254227200009270286546689312143918907024e-01
38 -9.63525491562421136153440125774228588290231884854322146601586467028945347114176837280405403142043353113565509e-01 1.66887510577389099363315531760663389993019629621064413847731603472404778658996714220487603966665864117806688e+00
39 1.67705098312484227230688025154845717658046376970864429320317293405789069422835367456081080628408670622713102e+00 4.33012701892219323381861585376468091735701313452595157013951744862983254227200009270286546689312143918906588e-01
40 7.13525491562421136153440125774228588290231884854322146601586467028945347114176837280405403142043353113565073e-01 -1.23586240388167167025129373223016580819449498275804898146336428986106453236276713293458949297734649725916073e+00
41 -1.17705098312484227230688025154845717658046376970864429320317293405789069422835367456081080628408670622713102e+00 4.33012701892219323381861585376468091735701313452595157013951744862983254227200009270286546689312143918906588e-01
42 -2.13525491562421136153440125774228588290231884854322146601586467028945347114176837280405403142043353113565509e-01 -1.23586240388167167025129373223016580819449498275804898146336428986106453236276713293458949297734649725915986e+00
43 2.17705098312484227230688025154845717658046376970864429320317293405789069422835367456081080628408670622713015e+00 4.33012701892219323381861585376468091735701313452595157013951744862983254227200009270286546689312143918907460e-01
44 1.46352549156242113615344012577422858829023188485432214660158646702894534711417683728040540314204335311356507e+00 1.66887510577389099363315531760663389993019629621064413847731603472404778658996714220487603966665864117806688e+00
45 2.50000000000000000000000000000000000000000000000000000000000000000000000000000000000000000000000000000000000e-01 -4.33012701892219323381861585376468091735701313452595157013951744862983254227200009270286546689312143918906588e-01
46 4.36015087616834633718789500543724426060451505593413795934725129405072264063544538755587776893681346759484503e-106 5.35233134659634897912954764569131810972529112870302549632941696665387518757044749109535297525356235560169428e-01
47 1.46352549156242113615344012577422858829023188485432214660158646702894534711417683728040540314204335311356507e+00 1.13364197111425609572020055303750208895766718334034158884437433805866026783292239309534074214130240561789745e+00
48 -2.13525491562421136153440125774228588290231884854322146601586467028945347114176837280405403142043353113565945e-01 1.65396134562401874425384203091902186249436757017443882197480896530289494848677634715518897926634026138822310e-01
49 5.45018859521043292148486875679655532575564381991767244918406411756340330079430673444484721117101683449355628e-107 -1.40125853844407354467667793532206799444393173977549286366084518639135402721144476765010839090398052339798260e+00
50 -2.50000000000000000000000000000000000000000000000000000000000000000000000000000000000000000000000000000000000e-01 4.33012701892219323381861585376468091735701313452595157013951744862983254227200009270286546689312143918907024e-01
51 -1.21352549156242113615344012577422858829023188485432214660158646702894534711417683728040540314204335311356595e+00 7.00629269222036772338338967661033997221965869887746431830422593195677013605722383825054195451990261698991302e-01
52 3.64745084375788638465598742257714117097681151456778533984135329710546528858231627195945968579566468864340545e-02 -2.67616567329817448956477382284565905486264556435151274816470848332693759378522374554767648762678117780084496e-01
53 1.71352549156242113615344012577422858829023188485432214660158646702894534711417683728040540314204335311356595e+00 7.00629269222036772338338967661033997221965869887746431830422593195677013605722383825054195451990261698991302e-01
54 4.63525491562421136153440125774228588290231884854322146601586467028945347114176837280405403142043353113565945e-01 -2.67616567329817448956477382284565905486264556435151274816470848332693759378522374554767648762678117780084496e-01
55 -9.63525491562421136153440125774228588290231884854322146601586467028945347114176837280405403142043353113564637e-01 1.13364197111425609572020055303750208895766718334034158884437433805866026783292239309534074214130240561789745e+00
56 4.99999999999999999999999999999999999999999999999999999999999999999999999999999999999999999999999999999999564e-01 5.35233134659634897912954764569131810972529112870302549632941696665387518757044749109535297525356235560169428e-01
57 4.99999999999999999999999999999999999999999999999999999999999999999999999999999999999999999999999999999999564e-01 -1.40125853844407354467667793532206799444393173977549286366084518639135402721144476765010839090398052339798260e+00
58 7.13525491562421136153440125774228588290231884854322146601586467028945347114176837280405403142043353113565509e-01 1.65396134562401874425384203091902186249436757017443882197480896530289494848677634715518897926634026138822310e-01
59 7.50000000000000000000000000000000000000000000000000000000000000000000000000000000000000000000000000000000436e-01 4.33012701892219323381861585376468091735701313452595157013951744862983254227200009270286546689312143918907024e-01
60 -9.96871207368420330382916976024016895843384667778596515118422896359558634966138553850851571851518861313189866e-01 7.90430004480340561417045693992551689309221069667387730725580963251108896026919720682476578500930946620679939e-02
61 7.83345715805999194229476850249788307553152782924274368516836429330613287851961716570446168709475508199624792e-01 6.21586268774002716196634398261778828291043762921007658757864496870566124003030411756806537601897167036923526e-01
62 8.51972344663672121615586536761452878939629865958809806887792999934999799597805416651889488358770196860017906e-01 5.23586787388953386831442253854681593478343342525015387040400182848688428049848706452849886838500081183757598e-01
63 6.11553146898749014537853589012775709350602018895512339713793467093945547516371420628515914783273156253548040e-01 -7.91203354718770835787919636139247498964607898960166661856871031181382187428371081007617535601178198963841876e-01
64 9.29982357304867906856013963901391981084920965837047111041030286247065504076812013279313328042787944340225174e-01 3.67604155446699217156958845055402132498198700580165366150552917104202825464046887218438446121144792357387608e-01
65 -4.29982357304867906856013963901391981084920965837047111041030286247065504076812013279313328042787944340225174e-01 -9.02837290106334115069913609624533943470727813450467915783494613769590344221091636327973743646501027917556382e-01
66 -3.79425631296551446349463770898661102725370728130905212875793589249320211491426160505436885727395789277904058e-01 9.25222238338018656382308415740766149265787943749422059030266590835942178023234516943897581737981323020112691e-01
67 8.79425631296551446349463770898661102725370728130905212875793589249320211491426160505436885727395789277903186e-01 4.76036300106054888294369519581301845178143796026070804630578595555411849188210250706210809165999200377869913e-01
68 -9.90978778195300460887317359911436812075972747026417552589587056343265759007797581133952800510668945531451226e-01 1.34018883619247820594388779601518650301180044789255397173395559654559990594863435936280046136803124056270161e-01
69 2.74532866328793247338772341372082237857408621720954059880005893143204118936207438535473973686255924178868064e-02 9.99623087495008275125811773435983438656487138551086191670978778404100277238058957159060696004499281561627510e-01
70 -4.29982357304867906856013963901391981084920965837047111041030286247065504076812013279313328042787944340225828e-01 9.02837290106334115069913609624533943470727813450467915783494613769590344221091636327973743646501027917555946e-01
71 9.29982357304867906856013963901391981084920965837047111041030286247065504076812013279313328042787944340225174e-01 -3.67604155446699217156958845055402132498198700580165366150552917104202825464046887218438446121144792357386518e-01
72 8.79425631296551446349463770898661102725370728130905212875793589249320211491426160505436885727395789277903186e-01 -4.76036300106054888294369519581301845178143796026070804630578595555411849188210250706210809165999200377869477e-01
73 -3.79425631296551446349463770898661102725370728130905212875793589249320211491426160505436885727395789277903840e-01 -9.25222238338018656382308415740766149265787943749422059030266590835942178023234516943897581737981323020113127e-01
74 1.46636641498868712626537113651603673531768182912772742524193856916452216224850296708867159333312436140600491e-01 9.89190424220701933353593243317180960789242463501173024908417413974768949467077298975244983723041959394310480e-01
75 5.66888850063552423526903012122624914758463701941549404077392610112493130889326540571538243808730916972965128e-01 -8.23794289658300058928209040225278774539805706483729142710936517444479454618399664259726085796407933255488606e-01
76 -1.11553146898749014537853589012775709350602018895512339713793467093945547516371420628515914783273156253547985e-01 -7.91203354718770835787919636139247498964607898960166661856871031181382187428371081007617535601178198963841876e-01
77 -3.51972344663672121615586536761452878939629865958809806887792999934999799597805416651889488358770196860017906e-01 5.23586787388953386831442253854681593478343342525015387040400182848688428049848706452849886838500081183757598e-01
78 -2.83345715805999194229476850249788307553152782924274368516836429330613287851961716570446168709475508199624792e-01 6.21586268774002716196634398261778828291043762921007658757864496870566124003030411756806537601897167036923526e-01
79 1.49687120736842033038291697602401689584338466777859651511842289635955863496613855385085157185151886131318987e+00 7.90430004480340561417045693992551689309221069667387730725580963251108896026919720682476578500930946620679939e-02
80 -3.79425631296551446349463770898661102725370728130905212875793589249320211491426160505436885727395789277903622e-01 4.76036300106054888294369519581301845178143796026070804630578595555411849188210250706210809165999200377869477e-01
81 8.79425631296551446349463770898661102725370728130905212875793589249320211491426160505436885727395789277903622e-01 9.25222238338018656382308415740766149265787943749422059030266590835942178023234516943897581737981323020113127e-01
82 9.29982357304867906856013963901391981084920965837047111041030286247065504076812013279313328042787944340225174e-01 -9.02837290106334115069913609624533943470727813450467915783494613769590344221091636327973743646501027917557254e-01
83 -4.29982357304867906856013963901391981084920965837047111041030286247065504076812013279313328042787944340225392e-01 3.67604155446699217156958845055402132498198700580165366150552917104202825464046887218438446121144792357388044e-01
84 -4.29982357304867906856013963901391981084920965837047111041030286247065504076812013279313328042787944340225392e-01 -3.67604155446699217156958845055402132498198700580165366150552917104202825464046887218438446121144792357386518e-01
85 9.29982357304867906856013963901391981084920965837047111041030286247065504076812013279313328042787944340226046e-01 9.02837290106334115069913609624533943470727813450467915783494613769590344221091636327973743646501027917555946e-01
86 4.72546713367120675266122765862791776214259137827904594011999410685679588106379256146452602631374407582113848e-01 9.99623087495008275125811773435983438656487138551086191670978778404100277238058957159060696004499281561626638e-01
87 1.49097877819530046088731735991143681207597274702641755258958705634326575900779758113395280051066894553145123e+00 1.34018883619247820594388779601518650301180044789255397173395559654559990594863435936280046136803124056270597e-01
88 -6.68888500635524235269030121226249147584637019415494040773926101124931308893265405715382438087309169729652369e-02 -8.23794289658300058928209040225278774539805706483729142710936517444479454618399664259726085796407933255488606e-01
89 3.53363358501131287373462886348396326468231817087227257475806143083547783775149703291132840666687563859399182e-01 9.89190424220701933353593243317180960789242463501173024908417413974768949467077298975244983723041959394311352e-01
90 8.79425631296551446349463770898661102725370728130905212875793589249320211491426160505436885727395789277903622e-01 -9.25222238338018656382308415740766149265787943749422059030266590835942178023234516943897581737981323020113127e-01
91 -3.79425631296551446349463770898661102725370728130905212875793589249320211491426160505436885727395789277903622e-01 -4.76036300106054888294369519581301845178143796026070804630578595555411849188210250706210809165999200377869477e-01
92 8.16888850063552423526903012122624914758463701941549404077392610112493130889326540571538243808730916972964692e-01 1.25680699155051938231007062560174686627550701993632429972488826230746270884559967353001263248572007717439476e+00
93 3.96636641498868712626537113651603673531768182912772742524193856916452216224850296708867159333312436140600600e-01 -5.56177722328482609971731657940712869053541150048577867894465669111785695239877289704958437033729815475403892e-01
94 2.77453286632879324733877234137208223785740862172095405988000589314320411893620743853547397368625592417885498e-01 -5.66610385602788951743950188059515346920785825098491034657027033541117023010858947888774149315187137642720486e-01
95 -7.40978778195300460887317359911436812075972747026417552589587056343265759007797581133952800510668945531451226e-01 2.98993818272971502787472805774949441434521268663339759840556185208423263632336573334006500552509019862635119e-01
96 1.03363358501131287373462886348396326468231817087227257475806143083547783775149703291132840666687563859399182e-01 -5.56177722328482609971731657940712869053541150048577867894465669111785695239877289704958437033729815475403892e-01
97 -3.16888850063552423526903012122624914758463701941549404077392610112493130889326540571538243808730916972964692e-01 1.25680699155051938231007062560174686627550701993632429972488826230746270884559967353001263248572007717439476e+00
98 1.24097877819530046088731735991143681207597274702641755258958705634326575900779758113395280051066894553145123e+00 2.98993818272971502787472805774949441434521268663339759840556185208423263632336573334006500552509019862635555e-01
99 2.22546713367120675266122765862791776214259137827904594011999410685679588106379256146452602631374407582113412e-01 -5.66610385602788951743950188059515346920785825098491034657027033541117023010858947888774149315187137642720486e-01
100 -6.01972344663672121615586536761452878939629865958809806887792999934999799597805416651889488358770196860018342e-01 -9.05740854967340634495806684782135017426420290724202300264484379857051738226486971825633401491879372648505739e-02
101 -3.61553146898749014537853589012775709350602018895512339713793467093945547516371420628515914783273156253547822e-01 1.22421605661099015916978122151571559070030921241276181887082277604436544165557109027790408229049034288274890e+00
102 1.03334571580599919422947685024978830755315278292427436851683642933061328785196171657044616870947550819962392e+00 -1.88573566881783392814772812885310736555342449468412501743912752007582869775830402486519990912585023118017156e-01
103 -7.46871207368420330382916976024016895843384667778596515118422896359558634966138553850851571851518861313190302e-01 3.53969701444185267240157015977212922804779206485856383941393648537872364624508037202038888839219049256839030e-01
104 8.61553146898749014537853589012775709350602018895512339713793467093945547516371420628515914783273156253547604e-01 1.22421605661099015916978122151571559070030921241276181887082277604436544165557109027790408229049034288274890e+00
105 1.10197234466367212161558653676145287893962986595880980688779299993499979959780541665188948835877019686001791e+00 -9.05740854967340634495806684782135017426420290724202300264484379857051738226486971825633401491879372648505739e-02
106 1.24687120736842033038291697602401689584338466777859651511842289635955863496613855385085157185151886131319074e+00 3.53969701444185267240157015977212922804779206485856383941393648537872364624508037202038888839219049256839030e-01
107 -5.33345715805999194229476850249788307553152782924274368516836429330613287851961716570446168709475508199624356e-01 -1.88573566881783392814772812885310736555342449468412501743912752007582869775830402486519990912585023118017156e-01
108 3.96636641498868712626537113651603673531768182912772742524193856916452216224850296708867159333312436140600382e-01 1.95743626077255615464840959326278086349747288982407073155531085550313972245132205735506682793771033887338606e+00
109 8.16888850063552423526903012122624914758463701941549404077392610112493130889326540571538243808730916972965564e-01 1.44451546893554162366607309720321128168424719839168563935956924083891318365845094120095758418260446223587410e-01
110 -3.16888850063552423526903012122624914758463701941549404077392610112493130889326540571538243808730916972964692e-01 1.44451546893554162366607309720321128168424719839168563935956924083891318365845094120095758418260446223586102e-01
111 1.03363358501131287373462886348396326468231817087227257475806143083547783775149703291132840666687563859398310e-01 1.95743626077255615464840959326278086349747288982407073155531085550313972245132205735506682793771033887338606e+00
112 6.79982357304867906856013963901391981084920965837047111041030286247065504076812013279313328042787944340224738e-01 6.54085464455201062249027403210659592375026128724297908633988277587804287631531220518481005681673515615187621e-02
113 -6.79982357304867906856013963901391981084920965837047111041030286247065504076812013279313328042787944340224738e-01 1.33584999199855343845177519500100203520642912690306307279744635863257359844829164559826029033581317183646428e+00
114 1.17998235730486790685601396390139198108492096583704711104103028624706550407681201327931332804278794434022430e+00 1.33584999199855343845177519500100203520642912690306307279744635863257359844829164559826029033581317183646428e+00
115 -1.79982357304867906856013963901391981084920965837047111041030286247065504076812013279313328042787944340224738e-01 6.54085464455201062249027403210659592375026128724297908633988277587804287631531220518481005681673515615183261e-02
116 -7.40978778195300460887317359911436812075972747026417552589587056343265759007797581133952800510668945531451226e-01 -8.34226952932606400700427570344081252407050381533642309473497881873810782389381322443541798077865255422804328e-01
117 2.77453286632879324733877234137208223785740862172095405988000589314320411893620743853547397368625592417885280e-01 3.13772509431540538309954234903835359482567122281884850240853368757295042538141987792388517898309020825514946e-02
118 2.22546713367120675266122765862791776214259137827904594011999410685679588106379256146452602631374407582113848e-01 3.13772509431540538309954234903835359482567122281884850240853368757295042538141987792388517898309020825512766e-02
119 1.24097877819530046088731735991143681207597274702641755258958705634326575900779758113395280051066894553145123e+00 -8.34226952932606400700427570344081252407050381533642309473497881873810782389381322443541798077865255422804764e-01
120 -6.29425631296551446349463770898661102725370728130905212875793589249320211491426160505436885727395789277903622e-01 -4.92209536445799333000446830364298057530086630296826902016314845972958923796034507673611035048669179101206103e-01
121 6.29425631296551446349463770898661102725370728130905212875793589249320211491426160505436885727395789277903622e-01 -4.30235982138355649125079342048337534424424825734756476166268506924285949610102414359242624766870564589624527e-02
122 -1.29425631296551446349463770898661102725370728130905212875793589249320211491426160505436885727395789277903622e-01 -4.30235982138355649125079342048337534424424825734756476166268506924285949610102414359242624766870564589622347e-02
123 1.12942563129655144634946377089866110272537072813090521287579358924932021149142616050543688572739578927790406e+00 -4.92209536445799333000446830364298057530086630296826902016314845972958923796034507673611035048669179101206321e-01
124 1.65900139734130310196023645124432514435138843276583066274207122220374864377249323225031482585352436164338113e-01 2.24592969115981884043969448079732152043822073861675627199843997640265164417512133118843386285991061321121825e-01
125 -1.09295112285897258250290389667288969101560261298522735947738005627826555860560299778584228886943914239146913e+00 -2.24592969115981884043969448079732152043822073861675627199843997640265164417512133118843386285991061321121825e-01
126 -1.01972344663672121615586536761452878939629865958809806887792999934999799597805416651889488358770196860018124e-01 1.49183262394080760812625860380028149618657376884791309368729362437705920103409346483267173105316846066283405e+00
127 1.38446853101250985462146410987224290649397981104487660286206532906054452483628579371484085216726843746452178e-01 1.77042481833083385506896713806352403743622527362731044790022410346988585555873677372204308613490180515233268e-01
128 2.77453286632879324733877234137208223785740862172095405988000589314320411893620743853547397368625592417885498e-01 5.66610385602788951743950188059515346920785825098491034657027033541117023010858947888774149315187137642719614e-01
129 -7.40978778195300460887317359911436812075972747026417552589587056343265759007797581133952800510668945531451226e-01 -2.98993818272971502787472805774949441434521268663339759840556185208423263632336573334006500552509019862635555e-01
130 1.38446853101250985462146410987224290649397981104487660286206532906054452483628579371484085216726843746452396e-01 1.22421605661099015916978122151571559070030921241276181887082277604436544165557109027790408229049034288274890e+00
131 -1.01972344663672121615586536761452878939629865958809806887792999934999799597805416651889488358770196860017524e-01 -9.05740854967340634495806684782135017426420290724202300264484379857051738226486971825633401491879372648505739e-02
132 5.33543134257553229297426161872836607205310919017275035560556180781879843037364824001092075099255408773341208e-01 6.35220722776516666113436227339968037984463257015316640967023765436896584842569261773206094883822910137472976e-01
133 1.89350784886728904300945408967562056937515285069136925764261675327601085119098885055971873118483129745379112e+00 -6.35220722776516666113436227339968037984463257015316640967023765436896584842569261773206094883822910137472976e-01
134 1.74687120736842033038291697602401689584338466777859651511842289635955863496613855385085157185151886131319074e+00 -8.89202836103820165153111780546344733777308319356158933574335345203259883381552786311574186364575284817006932e-01
135 -3.33457158059991942294768502497883075531527829242743685168364293306132878519617165704461687094755081996243563e-02 -3.46659567777851505098181951683821074417186663401890047889028944657804648981214346623015306612771212442152926e-01
136 8.16888850063552423526903012122624914758463701941549404077392610112493130889326540571538243808730916972964692e-01 -1.25680699155051938231007062560174686627550701993632429972488826230746270884559967353001263248572007717439476e+00
137 3.96636641498868712626537113651603673531768182912772742524193856916452216224850296708867159333312436140600600e-01 5.56177722328482609971731657940712869053541150048577867894465669111785695239877289704958437033729815475403892e-01
138 -3.33457158059991942294768502497883075531527829242743685168364293306132878519617165704461687094755081996243563e-02 -1.88573566881783392814772812885310736555342449468412501743912752007582869775830402486519990912585023118015848e-01
139 1.74687120736842033038291697602401689584338466777859651511842289635955863496613855385085157185151886131319074e+00 3.53969701444185267240157015977212922804779206485856383941393648537872364624508037202038888839219049256838158e-01
140 -1.39350784886728904300945408967562056937515285069136925764261675327601085119098885055971873118483129745379112e+00 -6.35220722776516666113436227339968037984463257015316640967023765436896584842569261773206094883822910137472976e-01
141 -3.35431342575532292974261618728366072053109190172750355605561807818798430373648240010920750992554087733412076e-02 6.35220722776516666113436227339968037984463257015316640967023765436896584842569261773206094883822910137472976e-01
142 5.33345715805999194229476850249788307553152782924274368516836429330613287851961716570446168709475508199624356e-01 -3.46659567777851505098181951683821074417186663401890047889028944657804648981214346623015306612771212442152926e-01
143 -1.24687120736842033038291697602401689584338466777859651511842289635955863496613855385085157185151886131319074e+00 -8.89202836103820165153111780546344733777308319356158933574335345203259883381552786311574186364575284817006932e-01
144 1.03363358501131287373462886348396326468231817087227257475806143083547783775149703291132840666687563859399182e-01 5.56177722328482609971731657940712869053541150048577867894465669111785695239877289704958437033729815475403892e-01
145 -3.16888850063552423526903012122624914758463701941549404077392610112493130889326540571538243808730916972964692e-01 -1.25680699155051938231007062560174686627550701993632429972488826230746270884559967353001263248572007717439476e+00
146 -1.24687120736842033038291697602401689584338466777859651511842289635955863496613855385085157185151886131318987e+00 3.53969701444185267240157015977212922804779206485856383941393648537872364624508037202038888839219049256838812e-01
147 5.33345715805999194229476850249788307553152782924274368516836429330613287851961716570446168709475508199624792e-01 -1.88573566881783392814772812885310736555342449468412501743912752007582869775830402486519990912585023118016502e-01
148 1.59295112285897258250290389667288969101560261298522735947738005627826555860560299778584228886943914239146913e+00 -2.24592969115981884043969448079732152043822073861675627199843997640265164417512133118843386285991061321121716e-01
149 3.34099860265869689803976354875567485564861156723416933725792877779625135622750676774968517414647563835661451e-01 2.24592969115981884043969448079732152043822073861675627199843997640265164417512133118843386285991061321121716e-01
150 3.61553146898749014537853589012775709350602018895512339713793467093945547516371420628515914783273156253547386e-01 1.77042481833083385506896713806352403743622527362731044790022410346988585555873677372204308613490180515233268e-01
151 6.01972344663672121615586536761452878939629865958809806887792999934999799597805416651889488358770196860017906e-01 1.49183262394080760812625860380028149618657376884791309368729362437705920103409346483267173105316846066283405e+00
152 1.24097877819530046088731735991143681207597274702641755258958705634326575900779758113395280051066894553145123e+00 -2.98993818272971502787472805774949441434521268663339759840556185208423263632336573334006500552509019862635991e-01
153 2.22546713367120675266122765862791776214259137827904594011999410685679588106379256146452602631374407582113412e-01 5.66610385602788951743950188059515346920785825098491034657027033541117023010858947888774149315187137642720486e-01
154 6.01972344663672121615586536761452878939629865958809806887792999934999799597805416651889488358770196860017906e-01 -9.05740854967340634495806684782135017426420290724202300264484379857051738226486971825633401491879372648510099e-02
155 3.61553146898749014537853589012775709350602018895512339713793467093945547516371420628515914783273156253547386e-01 1.22421605661099015916978122151571559070030921241276181887082277604436544165557109027790408229049034288274977e+00
156 1.89350784886728904300945408967562056937515285069136925764261675327601085119098885055971873118483129745379112e+00 6.35220722776516666113436227339968037984463257015316640967023765436896584842569261773206094883822910137472976e-01
157 5.33543134257553229297426161872836607205310919017275035560556180781879843037364824001092075099255408773341208e-01 -6.35220722776516666113436227339968037984463257015316640967023765436896584842569261773206094883822910137472976e-01
158 -2.74532866328793247338772341372082237857408621720954059880005893143204118936207438535473973686255924178861524e-02 4.01635450949065269550866161886084555787444601224406671989866407987253749973385810491047694899481241836355311e-01
159 9.90978778195300460887317359911436812075972747026417552589587056343265759007797581133952800510668945531452098e-01 1.26723965482482572408228915572054934414275169498623746648744962673679403661658133171382834476717739934171179e+00
160 1.11016213306128984877997723942583226182200006776709488912578032394539756333902713398927256247535578925416633e+00 1.25680699155051938231007062560174686627550701993632429972488826230746270884559967353001263248572007717439476e+00
161 1.53041434162597355968034313789685350304869558679587155067897907714143847800350337785194364695077427008653064e+00 -5.56177722328482609971731657940712869053541150048577867894465669111785695239877289704958437033729815475403892e-01
162 5.84099860265869689803976354875567485564861156723416933725792877779625135622750676774968517414647563835661451e-01 1.19283880566783610533878579802533205475205250018457333384673743916863593740175689149866523050065944080019697e+00
163 1.84295112285897258250290389667288969101560261298522735947738005627826555860560299778584228886943914239146913e+00 7.43652867435872337250846901865867750664408352461222079447049443888105608566732625260978457928677318157953755e-01
164 1.39350784886728904300945408967562056937515285069136925764261675327601085119098885055971873118483129745379112e+00 -6.35220722776516666113436227339968037984463257015316640967023765436896584842569261773206094883822910137471668e-01
165 3.35431342575532292974261618728366072053109190172750355605561807818798430373648240010920750992554087733403356e-02 6.35220722776516666113436227339968037984463257015316640967023765436896584842569261773206094883822910137471668e-01
166 -1.09295112285897258250290389667288969101560261298522735947738005627826555860560299778584228886943914239146913e+00 2.24592969115981884043969448079732152043822073861675627199843997640265164417512133118843386285991061321121825e-01
167 1.65900139734130310196023645124432514435138843276583066274207122220374864377249323225031482585352436164338113e-01 -2.24592969115981884043969448079732152043822073861675627199843997640265164417512133118843386285991061321121825e-01
168 -5.66888850063552423526903012122624914758463701941549404077392610112493130889326540571538243808730916972965564e-01 2.88561154998665161015254275656146963567276593613426593077994820779091935861354915150190788271051697695320050e-01
169 -1.46636641498868712626537113651603673531768182912772742524193856916452216224850296708867159333312436140600491e-01 -1.52442355888033683126654800788631277176177157637147557454135911064015646822412204808478028124839819495447991e+00
170 -1.70450426975772159704075748568566540036620463188073969919117352337221110612197441841435820365271229864501630e+00 -5.66610385602788951743950188059515346920785825098491034657027033541117023010858947888774149315187137642720486e-01
171 -6.86072204929541811419562891637020364504491022682226740613585877714624935220556093426858005773417760695680229e-01 2.98993818272971502787472805774949441434521268663339759840556185208423263632336573334006500552509019862635991e-01
172 2.16456865742446770702573838127163392794689080982724964439443819218120156962635175998907924900744591226659228e-01 -3.33025113775337555181380122605631864723767169307581065679869676091474188141675496606615749330845469341603040e-01
173 -1.14350784886728904300945408967562056937515285069136925764261675327601085119098885055971873118483129745379025e+00 -1.60346655932837088740825257728556794069269368333821434761391720696526735782681402015302793909849128961654856e+00
174 -1.59295112285897258250290389667288969101560261298522735947738005627826555860560299778584228886943914239146913e+00 -2.24592969115981884043969448079732152043822073861675627199843997640265164417512133118843386285991061321122043e-01
175 -3.34099860265869689803976354875567485564861156723416933725792877779625135622750676774968517414647563835662323e-01 2.24592969115981884043969448079732152043822073861675627199843997640265164417512133118843386285991061321122043e-01
176 -1.39350784886728904300945408967562056937515285069136925764261675327601085119098885055971873118483129745379112e+00 6.35220722776516666113436227339968037984463257015316640967023765436896584842569261773206094883822910137472976e-01
177 -3.35431342575532292974261618728366072053109190172750355605561807818798430373648240010920750992554087733412076e-02 -6.35220722776516666113436227339968037984463257015316640967023765436896584842569261773206094883822910137472976e-01
178 -1.11553146898749014537853589012775709350602018895512339713793467093945547516371420628515914783273156253547767e-01 2.55970220059135937874964871570115687992078786089864112223929334515994668671326331898082238075821963403673102e-01
179 -3.51972344663672121615586536761452878939629865958809806887792999934999799597805416651889488358770196860018124e-01 -1.05881992204858828474439701842381340445087245539531793667334187951407594680689345556238518436385631674392615e+00
180 -8.40998602658696898039763548755674855648611567234169337257928777796251356227506767749685174146475638356623232e-02 -7.43652867435872337250846901865867750664408352461222079447049443888105608566732625260978457928677318157953319e-01
181 -1.34295112285897258250290389667288969101560261298522735947738005627826555860560299778584228886943914239146913e+00 -1.19283880566783610533878579802533205475205250018457333384673743916863593740175689149866523050065944080019784e+00
182 -1.96039669893084146653635710179824548413361655263291866172000936338850398208031539113125697499356221442675581e+00 -1.88573566881783392814772812885310736555342449468412501743912752007582869775830402486519990912585023118016066e-01
183 -1.80179775756421941923963275524440280737079101930047778084750037698332059262215120709959234432567844913941589e-01 3.53969701444185267240157015977212922804779206485856383941393648537872364624508037202038888839219049256838376e-01
184 2.74532866328793247338772341372082237857408621720954059880005893143204118936207438535473973686255924178852803e-02 -4.01635450949065269550866161886084555787444601224406671989866407987253749973385810491047694899481241836355529e-01
185 -9.90978778195300460887317359911436812075972747026417552589587056343265759007797581133952800510668945531451226e-01 -1.26723965482482572408228915572054934414275169498623746648744962673679403661658133171382834476717739934171179e+00
186 1.59295112285897258250290389667288969101560261298522735947738005627826555860560299778584228886943914239146913e+00 2.24592969115981884043969448079732152043822073861675627199843997640265164417512133118843386285991061321121716e-01
187 3.34099860265869689803976354875567485564861156723416933725792877779625135622750676774968517414647563835661451e-01 -2.24592969115981884043969448079732152043822073861675627199843997640265164417512133118843386285991061321121716e-01
188 -2.83345715805999194229476850249788307553152782924274368516836429330613287851961716570446168709475508199624792e-01 7.79672269670070828480043537060289166152887976854485204902980689520787903208414355893301853302083356361058642e-01
189 1.49687120736842033038291697602401689584338466777859651511842289635955863496613855385085157185151886131318987e+00 1.32221553799603948853497336592281282551300963280875409058828709006624313760875279558186073305388742873591483e+00
190 2.83543134257553229297426161872836607205310919017275035560556180781879843037364824001092075099255408773339900e-01 1.60346655932837088740825257728556794069269368333821434761391720696526735782681402015302793909849128961654768e+00
191 1.64350784886728904300945408967562056937515285069136925764261675327601085119098885055971873118483129745379025e+00 3.33025113775337555181380122605631864723767169307581065679869676091474188141675496606615749330845469341603476e-01
192 1.56549783622609325776902666253568146722986175081313195348937946696394514671198225393229489150081354997358298e+00 1.22421605661099015916978122151571559070030921241276181887082277604436544165557109027790408229049034288274977e+00
193 1.32507863846117015069129371478700429764083390374983448631537993412289089463054825790892131792531650936711224e+00 -9.05740854967340634495806684782135017426420290724202300264484379857051738226486971825633401491879372648510099e-02
194 5.66888850063552423526903012122624914758463701941549404077392610112493130889326540571538243808730916972964692e-01 -2.88561154998665161015254275656146963567276593613426593077994820779091935861354915150190788271051697695319614e-01
195 1.46636641498868712626537113651603673531768182912772742524193856916452216224850296708867159333312436140601036e-01 1.52442355888033683126654800788631277176177157637147557454135911064015646822412204808478028124839819495448078e+00
196 -4.90978778195300460887317359911436812075972747026417552589587056343265759007797581133952800510668945531452098e-01 1.26723965482482572408228915572054934414275169498623746648744962673679403661658133171382834476717739934171179e+00
197 5.27453286632879324733877234137208223785740862172095405988000589314320411893620743853547397368625592417886152e-01 4.01635450949065269550866161886084555787444601224406671989866407987253749973385810491047694899481241836355311e-01
198 -1.34295112285897258250290389667288969101560261298522735947738005627826555860560299778584228886943914239146913e+00 7.43652867435872337250846901865867750664408352461222079447049443888105608566732625260978457928677318157953755e-01
199 -8.40998602658696898039763548755674855648611567234169337257928777796251356227506767749685174146475638356618871e-02 1.19283880566783610533878579802533205475205250018457333384673743916863593740175689149866523050065944080019784e+00
200 -1.03041434162597355968034313789685350304869558679587155067897907714143847800350337785194364695077427008653064e+00 -5.56177722328482609971731657940712869053541150048577867894465669111785695239877289704958437033729815475403892e-01
201 -6.10162133061289848779977239425832261822000067767094889125780323945397563339027133989272562475355789254166327e-01 1.25680699155051938231007062560174686627550701993632429972488826230746270884559967353001263248572007717439476e+00
202 4.66456865742446770702573838127163392794689080982724964439443819218120156962635175998907924900744591226659882e-01 6.35220722776516666113436227339968037984463257015316640967023765436896584842569261773206094883822910137471668e-01
203 -8.93507848867289043009454089675620569375152850691369257642616753276010851190988850559718731184831297453791119e-01 -6.35220722776516666113436227339968037984463257015316640967023765436896584842569261773206094883822910137471668e-01
204 6.46636641498868712626537113651603673531768182912772742524193856916452216224850296708867159333312436140599946e-01 -1.52442355888033683126654800788631277176177157637147557454135911064015646822412204808478028124839819495447991e+00
205 1.06688885006355242352690301212262491475846370194154940407739261011249313088932654057153824380873091697296469e+00 2.88561154998665161015254275656146963567276593613426593077994820779091935861354915150190788271051697695320050e-01
206 1.64350784886728904300945408967562056937515285069136925764261675327601085119098885055971873118483129745379112e+00 -1.60346655932837088740825257728556794069269368333821434761391720696526735782681402015302793909849128961654856e+00
207 2.83543134257553229297426161872836607205310919017275035560556180781879843037364824001092075099255408773339464e-01 -3.33025113775337555181380122605631864723767169307581065679869676091474188141675496606615749330845469341603912e-01
208 1.18607220492954181141956289163702036450449102268222674061358587771462493522055609342685800577341776069567892e+00 2.98993818272971502787472805774949441434521268663339759840556185208423263632336573334006500552509019862635991e-01
209 2.20450426975772159704075748568566540036620463188073969919117352337221110612197441841435820365271229864501630e+00 -5.66610385602788951743950188059515346920785825098491034657027033541117023010858947888774149315187137642720486e-01
210 8.34099860265869689803976354875567485564861156723416933725792877779625135622750676774968517414647563835661451e-01 2.24592969115981884043969448079732152043822073861675627199843997640265164417512133118843386285991061321122261e-01
211 2.09295112285897258250290389667288969101560261298522735947738005627826555860560299778584228886943914239146913e+00 -2.24592969115981884043969448079732152043822073861675627199843997640265164417512133118843386285991061321122261e-01
212 -9.96871207368420330382916976024016895843384667778596515118422896359558634966138553850851571851518861313189866e-01 1.32221553799603948853497336592281282551300963280875409058828709006624313760875279558186073305388742873591483e+00
213 7.83345715805999194229476850249788307553152782924274368516836429330613287851961716570446168709475508199624792e-01 7.79672269670070828480043537060289166152887976854485204902980689520787903208414355893301853302083356361059078e-01
214 -1.14350784886728904300945408967562056937515285069136925764261675327601085119098885055971873118483129745379025e+00 3.33025113775337555181380122605631864723767169307581065679869676091474188141675496606615749330845469341602604e-01
215 2.16456865742446770702573838127163392794689080982724964439443819218120156962635175998907924900744591226659010e-01 1.60346655932837088740825257728556794069269368333821434761391720696526735782681402015302793909849128961654856e+00
216 -8.25078638461170150691293714787004297640833903749834486315379934122890894630548257908921317925316509367113985e-01 -9.05740854967340634495806684782135017426420290724202300264484379857051738226486971825633401491879372648510099e-02
217 -1.06549783622609325776902666253568146722986175081313195348937946696394514671198225393229489150081354997358385e+00 1.22421605661099015916978122151571559070030921241276181887082277604436544165557109027790408229049034288274977e+00
218 3.53363358501131287373462886348396326468231817087227257475806143083547783775149703291132840666687563859398964e-01 1.52442355888033683126654800788631277176177157637147557454135911064015646822412204808478028124839819495448078e+00
219 -6.68888500635524235269030121226249147584637019415494040773926101124931308893265405715382438087309169729649098e-02 -2.88561154998665161015254275656146963567276593613426593077994820779091935861354915150190788271051697695319614e-01
220 8.51972344663672121615586536761452878939629865958809806887792999934999799597805416651889488358770196860017906e-01 -1.05881992204858828474439701842381340445087245539531793667334187951407594680689345556238518436385631674392703e+00
221 6.11553146898749014537853589012775709350602018895512339713793467093945547516371420628515914783273156253547167e-01 2.55970220059135937874964871570115687992078786089864112223929334515994668671326331898082238075821963403673538e-01
222 1.84295112285897258250290389667288969101560261298522735947738005627826555860560299778584228886943914239146913e+00 -1.19283880566783610533878579802533205475205250018457333384673743916863593740175689149866523050065944080019784e+00
223 5.84099860265869689803976354875567485564861156723416933725792877779625135622750676774968517414647563835661451e-01 -7.43652867435872337250846901865867750664408352461222079447049443888105608566732625260978457928677318157953319e-01
224 6.80179775756421941923963275524440280737079101930047778084750037698332059262215120709959234432567844913941589e-01 3.53969701444185267240157015977212922804779206485856383941393648537872364624508037202038888839219049256838376e-01
225 2.46039669893084146653635710179824548413361655263291866172000936338850398208031539113125697499356221442675581e+00 -1.88573566881783392814772812885310736555342449468412501743912752007582869775830402486519990912585023118016066e-01
226 1.49097877819530046088731735991143681207597274702641755258958705634326575900779758113395280051066894553145123e+00 -1.26723965482482572408228915572054934414275169498623746648744962673679403661658133171382834476717739934171179e+00
227 4.72546713367120675266122765862791776214259137827904594011999410685679588106379256146452602631374407582114284e-01 -4.01635450949065269550866161886084555787444601224406671989866407987253749973385810491047694899481241836355311e-01
228 -1.46636641498868712626537113651603673531768182912772742524193856916452216224850296708867159333312436140600055e-01 4.12068114223371611323084692004887033654689276274319838752427772416585077744367468674863407180938564003671688e-01
229 -5.66888850063552423526903012122624914758463701941549404077392610112493130889326540571538243808730916972965564e-01 2.22505282810237360360488697554734676898373744625922200637178170383583348182984443190983447670038845665347034e+00
230 6.11553146898749014537853589012775709350602018895512339713793467093945547516371420628515914783273156253547167e-01 2.19246189316284438046459757146131549340853963873565952551771621757273621463981584865772592650515872236182535e+00
231 8.51972344663672121615586536761452878939629865958809806887792999934999799597805416651889488358770196860017906e-01 8.77671751055120157845235681467386400965588397250477476620445003542665599161596061197258504065480442214224570e-01
232 8.51972344663672121615586536761452878939629865958809806887792999934999799597805416651889488358770196860017906e-01 1.92484532583302693150812018917674958792227508230050825070124536924004245526129347410295827774248060458174107e+00
233 6.11553146898749014537853589012775709350602018895512339713793467093945547516371420628515914783273156253547167e-01 6.10055183725302708888758299182820495479323840815326201803974155209971839783073686642490855302802324434140292e-01
234 9.90978778195300460887317359911436812075972747026417552589587056343265759007797581133952800510668945531450354e-01 -6.69252018278882718507343544170650461273709157659557946806337256319947509351908185045815343662159359616440243e-01
235 -2.74532866328793247338772341372082237857408621720954059880005893143204118936207438535473973686255924178859344e-02 -1.53485622215464317303876653800511524962901625142138874130392047506948779599510370626859599352985551712179519e+00
236 7.83345715805999194229476850249788307553152782924274368516836429330613287851961716570446168709475508199623920e-01 -1.15681940343363761410958916283091063926357287579131020839080619353595364276007516086634183512725340259709121e+00
237 -9.96871207368420330382916976024016895843384667778596515118422896359558634966138553850851571851518861313189866e-01 -6.14276135107668954054659333968386979903451219837041322705499792990498408359736721177782955375449330222237204e-01
238 -9.96871207368420330382916976024016895843384667778596515118422896359558634966138553850851571851518861313190738e-01 -4.56190134211600841771250195169876642041607005903563776560383600340276629154352777041287639675263140898100998e-01
239 7.83345715805999194229476850249788307553152782924274368516836429330613287851961716570446168709475508199623920e-01 8.63531341143678182836796336926470173185146500507051091249228002051786052459856626472712400765409314767543161e-02
240 5.27453286632879324733877234137208223785740862172095405988000589314320411893620743853547397368625592417885280e-01 -1.53485622215464317303876653800511524962901625142138874130392047506948779599510370626859599352985551712179519e+00
241 -4.90978778195300460887317359911436812075972747026417552589587056343265759007797581133952800510668945531451008e-01 -6.69252018278882718507343544170650461273709157659557946806337256319947509351908185045815343662159359616440243e-01
242 1.49687120736842033038291697602401689584338466777859651511842289635955863496613855385085157185151886131318987e+00 -6.14276135107668954054659333968386979903451219837041322705499792990498408359736721177782955375449330222238076e-01
243 -2.83345715805999194229476850249788307553152782924274368516836429330613287851961716570446168709475508199624792e-01 -1.15681940343363761410958916283091063926357287579131020839080619353595364276007516086634183512725340259709208e+00
244 -2.83345715805999194229476850249788307553152782924274368516836429330613287851961716570446168709475508199624792e-01 8.63531341143678182836796336926470173185146500507051091249228002051786052459856626472712400765409314767543161e-02
245 1.49687120736842033038291697602401689584338466777859651511842289635955863496613855385085157185151886131318987e+00 -4.56190134211600841771250195169876642041607005903563776560383600340276629154352777041287639675263140898100998e-01
246 1.06688885006355242352690301212262491475846370194154940407739261011249313088932654057153824380873091697296556e+00 2.22505282810237360360488697554734676898373744625922200637178170383583348182984443190983447670038845665347034e+00
247 6.46636641498868712626537113651603673531768182912772742524193856916452216224850296708867159333312436140599946e-01 4.12068114223371611323084692004887033654689276274319838752427772416585077744367468674863407180938564003671688e-01
248 -3.51972344663672121615586536761452878939629865958809806887792999934999799597805416651889488358770196860018342e-01 8.77671751055120157845235681467386400965588397250477476620445003542665599161596061197258504065480442214224570e-01
249 -1.11553146898749014537853589012775709350602018895512339713793467093945547516371420628515914783273156253548040e-01 2.19246189316284438046459757146131549340853963873565952551771621757273621463981584865772592650515872236182535e+00
250 -1.11553146898749014537853589012775709350602018895512339713793467093945547516371420628515914783273156253547058e-01 6.10055183725302708888758299182820495479323840815326201803974155209971839783073686642490855302802324434139856e-01
251 -3.51972344663672121615586536761452878939629865958809806887792999934999799597805416651889488358770196860018342e-01 1.92484532583302693150812018917674958792227508230050825070124536924004245526129347410295827774248060458174107e+00
252 -2.77453286632879324733877234137208223785740862172095405988000589314320411893620743853547397368625592417885498e-01 -5.66610385602788951743950188059515346920785825098491034657027033541117023010858947888774149315187137642719614e-01
253 7.40978778195300460887317359911436812075972747026417552589587056343265759007797581133952800510668945531451226e-01 2.98993818272971502787472805774949441434521268663339759840556185208423263632336573334006500552509019862635555e-01
254 -8.16888850063552423526903012122624914758463701941549404077392610112493130889326540571538243808730916972965564e-01 1.25680699155051938231007062560174686627550701993632429972488826230746270884559967353001263248572007717439476e+00
255 -3.96636641498868712626537113651603673531768182912772742524193856916452216224850296708867159333312436140600382e-01 -5.56177722328482609971731657940712869053541150048577867894465669111785695239877289704958437033729815475403892e-01
256 -6.79982357304867906856013963901391981084920965837047111041030286247065504076812013279313328042787944340225174e-01 -6.54085464455201062249027403210659592375026128724297908633988277587804287631531220518481005681673515615191981e-02
257 6.79982357304867906856013963901391981084920965837047111041030286247065504076812013279313328042787944340225174e-01 -1.33584999199855343845177519500100203520642912690306307279744635863257359844829164559826029033581317183646341e+00
258 6.29425631296551446349463770898661102725370728130905212875793589249320211491426160505436885727395789277903186e-01 4.92209536445799333000446830364298057530086630296826902016314845972958923796034507673611035048669179101206103e-01
259 -6.29425631296551446349463770898661102725370728130905212875793589249320211491426160505436885727395789277904058e-01 4.30235982138355649125079342048337534424424825734756476166268506924285949610102414359242624766870564589624527e-02
260 -2.40978778195300460887317359911436812075972747026417552589587056343265759007797581133952800510668945531450790e-01 2.98993818272971502787472805774949441434521268663339759840556185208423263632336573334006500552509019862635773e-01
261 7.77453286632879324733877234137208223785740862172095405988000589314320411893620743853547397368625592417885716e-01 -5.66610385602788951743950188059515346920785825098491034657027033541117023010858947888774149315187137642720050e-01
262 8.96636641498868712626537113651603673531768182912772742524193856916452216224850296708867159333312436140600382e-01 -5.56177722328482609971731657940712869053541150048577867894465669111785695239877289704958437033729815475403892e-01
263 1.31688885006355242352690301212262491475846370194154940407739261011249313088932654057153824380873091697296644e+00 1.25680699155051938231007062560174686627550701993632429972488826230746270884559967353001263248572007717439476e+00
264 1.12942563129655144634946377089866110272537072813090521287579358924932021149142616050543688572739578927790406e+00 4.30235982138355649125079342048337534424424825734756476166268506924285949610102414359242624766870564589624527e-02
265 -1.29425631296551446349463770898661102725370728130905212875793589249320211491426160505436885727395789277903622e-01 4.92209536445799333000446830364298057530086630296826902016314845972958923796034507673611035048669179101206103e-01
266 -1.79982357304867906856013963901391981084920965837047111041030286247065504076812013279313328042787944340225174e-01 -1.33584999199855343845177519500100203520642912690306307279744635863257359844829164559826029033581317183646341e+00
267 1.17998235730486790685601396390139198108492096583704711104103028624706550407681201327931332804278794434022517e+00 -6.54085464455201062249027403210659592375026128724297908633988277587804287631531220518481005681673515615191981e-02
268 1.74687120736842033038291697602401689584338466777859651511842289635955863496613855385085157185151886131319074e+00 5.12055702340253379523566154775723260666623420419333930086509841188094143829891981338534204539405238580974800e-01
269 -3.33457158059991942294768502497883075531527829242743685168364293306132878519617165704461687094755081996239203e-02 1.05459897066622203957849598363824692002674507637360281577181624173354937823023042102709308429120931095583055e+00
270 -1.01972344663672121615586536761452878939629865958809806887792999934999799597805416651889488358770196860017742e-01 9.56599489281172710213303839231149685214044655977610544054351927711671682277048715723136433527812225102665058e-01
271 1.38446853101250985462146410987224290649397981104487660286206532906054452483628579371484085216726843746452614e-01 -3.58190652826551512406058050762779407228906585507571504842919286318398933201171071737330988911866055044935288e-01
272 3.61553146898749014537853589012775709350602018895512339713793467093945547516371420628515914783273156253547167e-01 -3.58190652826551512406058050762779407228906585507571504842919286318398933201171071737330988911866055044935724e-01
273 6.01972344663672121615586536761452878939629865958809806887792999934999799597805416651889488358770196860017906e-01 9.56599489281172710213303839231149685214044655977610544054351927711671682277048715723136433527812225102664622e-01
274 5.33345715805999194229476850249788307553152782924274368516836429330613287851961716570446168709475508199623048e-01 1.05459897066622203957849598363824692002674507637360281577181624173354937823023042102709308429120931095583055e+00
275 -1.24687120736842033038291697602401689584338466777859651511842289635955863496613855385085157185151886131318987e+00 5.12055702340253379523566154775723260666623420419333930086509841188094143829891981338534204539405238580973492e-01
EDGES
0 3
0 4
0 5
0 6
0 9
0 10
0 11
0 12
0 21
0 22
0 23
0 24
0 60
0 61
0 62
0 63
0 64
0 65
0 66
0 67
0 68
0 69
0 70
0 71
0 72
0 73
0 74
0 75
1 3
1 4
1 7
1 8
1 13
1 14
1 15
1 16
1 25
1 26
1 27
1 28
1 76
1 77
1 78
1 79
1 80
1 81
1 82
1 83
1 84
1 85
1 86
1 87
1 88
1 89
1 90
1 91
2 5
2 6
2 7
2 8
2 17
2 18
2 19
2 20
2 29
2 30
2 31
2 32
2 92
2 93
2 94
2 95
2 96
2 97
2 98
2 99
2 100
2 101
2 102
2 103
2 104
2 105
2 106
2 107
3 5
3 8
3 9
3 13
3 33
3 34
3 108
3 109
3 110
3 111
3 112
3 113
3 114
3 115
4 6
4 7
4 10
4 14
4 35
4 36
4 116
4 117
4 118
4 119
4 120
4 121
4 122
4 123
5 7
5 11
5 17
5 37
5 38
5 124
5 125
5 126
5 127
5 128
5 129
5 130
5 131
6 8
6 12
6 18
6 39
6 40
6 132
6 133
6 134
6 135
6 136
6 137
6 138
6 139
7 15
7 19
7 41
7 42
7 140
7 141
7 142
7 143
7 144
7 145
7 146
7 147
8 16
8 20
8 43
8 44
8 148
8 149
8 150
8 151
8 152
8 153
8 154
8 155
9 14
9 21
9 33
9 45
9 46
9 47
9 92
9 93
9 156
9 157
9 158
9 159
9 160
9 161
9 162
9 163
9 164
9 165
10 13
10 22
10 35
10 45
10 48
10 49
10 94
10 95
10 166
10 167
10 168
10 169
10 170
10 171
10 172
10 173
10 174
10 175
11 18
11 23
11 37
11 50
11 51
11 52
11 76
11 77
11 176
11 177
11 178
11 179
11 180
11 181
11 182
11 183
11 184
11 185
12 17
12 24
12 39
12 50
12 53
12 54
12 78
12 79
12 186
12 187
12 188
12 189
12 190
12 191
12 192
12 193
12 194
12 195
13 25
13 34
13 45
13 55
13 56
13 96
13 97
13 176
13 177
13 196
13 197
13 198
13 199
13 200
13 201
13 202
13 203
14 26
14 36
14 45
14 57
14 58
14 98
14 99
14 186
14 187
14 204
14 205
14 206
14 207
14 208
14 209
14 210
14 211
15 20
15 27
15 41
15 51
15 52
15 59
15 60
15 61
15 166
15 167
15 212
15 213
15 214
15 215
15 216
15 217
15 218
15 219
16 19
16 28
16 43
16 53
16 54
16 59
16 62
16 63
16 156
16 157
16 220
16 221
16 222
16 223
16 224
16 225
16 226
16 227
17 29
17 38
17 50
17 55
17 56
17 80
17 81
17 158
17 159
17 212
17 213
17 228
17 229
17 230
17 231
17 232
17 233
18 30
18 40
18 50
18 57
18 58
18 82
18 83
18 168
18 169
18 220
18 221
18 234
18 235
18 236
18 237
18 238
18 239
19 31
19 42
19 48
19 49
19 59
19 64
19 65
19 178
19 179
19 204
19 205
19 240
19 241
19 242
19 243
19 244
19 245
20 32
20 44
20 46
20 47
20 59
20 66
20 67
20 188
20 189
20 196
20 197
20 246
20 247
20 248
20 249
20 250
20 251
21 23
21 31
21 36
21 49
21 148
21 149
21 252
21 253
22 24
22 32
22 34
22 46
22 140
22 141
22 254
22 255
23 28
23 40
23 54
23 142
23 143
23 256
23 257
24 27
24 38
24 51
24 150
24 151
24 258
24 259
25 28
25 30
25 35
25 57
25 124
25 125
25 260
25 261
26 27
26 29
26 33
26 56
26 132
26 133
26 262
26 263
27 44
27 53
27 126
27 127
27 264
27 265
28 42
28 52
28 134
28 135
28 266
28 267
29 31
29 39
29 58
29 108
29 109
29 268
29 269
30 32
30 37
30 55
30 116
30 117
30 270
30 271
31 43
31 47
31 118
31 119
31 272
31 273
32 41
32 48
32 110
32 111
32 274
32 275
33 56
33 190
33 191
33 246
33 247
34 46
34 214
34 215
34 228
34 229
35 57
35 180
35 181
35 240
35 241
36 49
36 222
36 223
36 234
36 235
37 55
37 170
37 171
37 216
37 217
38 51
38 198
38 199
38 248
38 249
39 58
39 160
39 161
39 224
39 225
40 54
40 206
40 207
40 242
40 243
41 48
41 182
41 183
41 200
41 201
42 52
42 172
42 173
42 236
42 237
43 47
43 192
43 193
43 208
43 209
44 53
44 162
44 163
44 230
44 231
45 46
45 49
45 50
45 56
45 57
45 59
45 128
45 129
45 136
45 137
45 144
45 145
45 152
45 153
45 256
45 257
45 258
45 259
45 264
45 265
45 266
45 267
46 84
46 85
46 194
46 195
47 59
47 86
47 87
47 232
47 233
48 59
48 88
48 89
48 238
48 239
49 90
49 91
49 184
49 185
50 51
50 54
50 55
50 58
50 59
50 112
50 113
50 120
50 121
50 146
50 147
50 154
50 155
50 252
50 253
50 254
50 255
50 272
50 273
50 274
50 275
51 100
51 101
51 174
51 175
52 59
52 102
52 103
52 202
52 203
53 59
53 104
53 105
53 210
53 211
54 106
54 107
54 164
54 165
55 68
55 69
55 250
55 251
56 70
56 71
56 218
56 219
57 72
57 73
57 226
57 227
58 74
58 75
58 244
58 245
59 114
59 115
59 122
59 123
59 130
59 131
59 138
59 139
59 260
59 261
59 262
59 263
59 268
59 269
59 270
59 271
60 70
60 138
60 143
60 182
60 188
60 219
61 71
61 139
61 142
61 183
61 189
61 218
62 72
62 130
62 151
62 178
62 192
62 227
63 73
63 131
63 150
63 179
63 193
63 226
64 74
64 114
64 141
64 156
64 172
64 245
65 75
65 115
65 140
65 157
65 173
65 244
66 68
66 122
66 149
66 162
66 166
66 251
67 69
67 123
67 148
67 163
67 167
67 250
68 116
68 158
68 170
68 250
68 252
69 117
69 159
69 171
69 251
69 253
70 132
70 176
70 190
70 218
70 256
71 133
71 177
71 191
71 219
71 257
72 124
72 180
72 186
72 226
72 258
73 125
73 181
73 187
73 227
73 259
74 108
74 160
74 168
74 244
74 254
75 109
75 161
75 169
75 245
75 255
76 90
76 127
76 154
76 185
76 216
76 220
77 91
77 126
77 155
77 184
77 217
77 221
78 84
78 135
78 146
78 195
78 212
78 224
79 85
79 134
79 147
79 194
79 213
79 225
80 86
80 120
80 125
80 187
80 198
80 233
81 87
81 121
81 124
81 186
81 199
81 232
82 88
82 112
82 133
82 177
82 206
82 239
83 89
83 113
83 132
83 176
83 207
83 238
84 140
84 157
84 194
84 214
84 266
85 141
85 156
85 195
85 215
85 267
86 118
86 196
86 208
86 232
86 260
87 119
87 197
87 209
87 233
87 261
88 110
88 200
88 204
88 238
88 262
89 111
89 201
89 205
89 239
89 263
90 148
90 167
90 184
90 222
90 264
91 149
91 166
91 185
91 223
91 265
92 106
92 111
92 144
92 165
92 205
92 246
93 107
93 110
93 145
93 164
93 204
93 247
94 100
94 119
94 152
94 175
94 197
94 240
95 101
95 118
95 153
95 174
95 196
95 241
96 102
96 109
96 136
96 169
96 203
96 228
97 103
97 108
97 137
97 168
97 202
97 229
98 104
98 117
98 128
98 159
98 211
98 234
99 105
99 116
99 129
99 158
99 210
99 235
100 150
100 174
100 179
100 248
100 272
101 151
101 175
101 178
101 249
101 273
102 134
102 202
102 213
102 236
102 268
103 135
103 203
103 212
103 237
103 269
104 126
104 210
104 221
104 230
104 270
105 127
105 211
105 220
105 231
105 271
106 142
106 164
106 189
106 242
106 274
107 143
107 165
107 188
107 243
107 275
108 114
108 160
108 229
108 269
109 115
109 161
109 228
109 268
110 112
110 200
110 247
110 275
111 113
111 201
111 246
111 274
112 164
112 177
112 191
112 274
113 165
113 176
113 190
113 275
114 156
114 202
114 215
114 268
115 157
115 203
115 214
115 269
116 122
116 170
116 235
116 271
117 123
117 171
117 234
117 270
118 120
118 208
118 241
118 273
119 121
119 209
119 240
119 272
120 174
120 181
120 187
120 272
121 175
121 180
121 186
121 273
122 166
122 210
122 223
122 270
123 167
123 211
123 222
123 271
124 130
124 180
124 199
124 261
125 131
125 181
125 198
125 260
126 128
126 217
126 230
126 265
127 129
127 216
127 231
127 264
128 159
128 171
128 184
128 264
129 158
129 170
129 185
129 265
130 178
130 232
130 249
130 260
131 179
131 233
131 248
131 261
132 138
132 190
132 207
132 263
133 139
133 191
133 206
133 262
134 136
134 225
134 236
134 267
135 137
135 224
135 237
135 266
136 161
136 169
136 194
136 266
137 160
137 168
137 195
137 267
138 188
138 238
138 243
138 262
139 189
139 239
139 242
139 263
140 146
140 173
140 214
140 255
141 147
141 172
141 215
141 254
142 144
142 183
142 242
142 257
143 145
143 182
143 243
143 256
144 201
144 205
144 218
144 256
145 200
145 204
145 219
145 257
146 212
146 237
146 244
146 254
147 213
147 236
147 245
147 255
148 154
148 163
148 222
148 253
149 155
149 162
149 223
149 252
150 152
150 193
150 248
150 259
151 153
151 192
151 249
151 258
152 197
152 209
152 226
152 258
153 196
153 208
153 227
153 259
154 220
154 231
154 250
154 252
155 221
155 230
155 251
155 253
156 160
156 225
156 267
157 161
157 224
157 266
158 162
158 231
158 252
159 163
159 230
159 253
160 195
160 224
161 194
161 225
162 210
162 230
162 265
163 211
163 231
163 264
164 191
164 206
164 257
165 190
165 207
165 256
166 170
166 217
166 265
167 171
167 216
167 264
168 172
168 237
168 254
169 173
169 236
169 255
170 185
170 216
171 184
171 217
172 202
172 236
172 267
173 203
173 237
173 266
174 181
174 198
174 259
175 180
175 199
175 258
176 182
176 201
176 256
177 183
177 200
177 257
178 180
178 241
178 273
179 181
179 240
179 272
180 240
181 241
182 200
182 238
182 275
183 201
183 239
183 274
184 234
184 253
185 235
185 252
186 192
186 209
186 258
187 193
187 208
187 259
188 190
188 247
188 275
189 191
189 246
189 274
190 246
191 247
192 208
192 232
192 273
193 209
193 233
193 272
194 228
194 255
195 229
195 254
196 198
196 249
196 260
197 199
197 248
197 261
198 248
198 259
199 249
199 258
200 219
201 218
202 215
202 267
203 214
203 266
204 206
204 243
204 262
205 207
205 242
205 263
206 242
206 257
207 243
207 256
208 227
209 226
210 223
210 265
211 222
211 264
212 214
212 229
212 269
213 215
213 228
213 268
214 228
215 229
216 250
216 271
217 251
217 270
218 246
218 263
219 247
219 262
220 222
220 235
220 271
221 223
221 234
221 270
222 234
223 235
224 244
224 269
225 245
225 268
226 240
226 261
227 241
227 260
228 255
229 254
230 251
231 250
232 249
232 273
233 248
233 272
234 253
235 252
236 245
237 244
238 243
238 275
239 242
239 274
240 261
241 260
244 269
245 268
246 263
247 262
250 271
251 270
DONE