NODES
0 0.00000000000000000000000000000000000000000000000000000000000000000000000000000000000000000000000000000000000e+00 0.00000000000000000000000000000000000000000000000000000000000000000000000000000000000000000000000000000000000e+00
1 5.00000000000000000000000000000000000000000000000000000000000000000000000000000000000000000000000000000000000e-01 0.00000000000000000000000000000000000000000000000000000000000000000000000000000000000000000000000000000000000e+00
2 2.50000000000000000000000000000000000000000000000000000000000000000000000000000000000000000000000000000000000e-01 4.33012701892219323381861585376468091735701313452595157013951744862983254227200009270286546689312143918906588e-01
3 2.50000000000000000000000000000000000000000000000000000000000000000000000000000000000000000000000000000000000e-01 9.68245836551854221294816349945599902708230426322897706646893441528370772984244758379821844214668379479075580e-01
4 2.50000000000000000000000000000000000000000000000000000000000000000000000000000000000000000000000000000000000e-01 -9.68245836551854221294816349945599902708230426322897706646893441528370772984244758379821844214668379479075580e-01
5 -7.13525491562421136153440125774228588290231884854322146601586467028945347114176837280405403142043353113565509e-01 7.00629269222036772338338967661033997221965869887746431830422593195677013605722383825054195451990261698991302e-01
6 9.63525491562421136153440125774228588290231884854322146601586467028945347114176837280405403142043353113565509e-01 -2.67616567329817448956477382284565905486264556435151274816470848332693759378522374554767648762678117780084496e-01
7 -4.63525491562421136153440125774228588290231884854322146601586467028945347114176837280405403142043353113565509e-01 -2.67616567329817448956477382284565905486264556435151274816470848332693759378522374554767648762678117780084496e-01
8 1.21352549156242113615344012577422858829023188485432214660158646702894534711417683728040540314204335311356507e+00 7.00629269222036772338338967661033997221965869887746431830422593195677013605722383825054195451990261698991302e-01
EDGES
0 3
0 4
0 5
0 6
1 3
1 4
1 7
1 8
2 5
2 6
2 7
2 8
3 5
3 8
4 6
4 7
5 7
6 8
DONE