NODES
0 0.00000000000000000000000000000000000000000000000000000000000000000000000000000000000000000000000000000000000e+00 0.00000000000000000000000000000000000000000000000000000000000000000000000000000000000000000000000000000000000e+00
1 0.00000000000000000000000000000000000000000000000000000000000000000000000000000000000000000000000000000000000e+00 5.00000000000000000000000000000000000000000000000000000000000000000000000000000000000000000000000000000000000e-01
2 -9.68245836551854221294816349945599902708230426322897706646893441528370772984244758379821844214668379479075580e-01 2.50000000000000000000000000000000000000000000000000000000000000000000000000000000000000000000000000000000000e-01
3 9.68245836551854221294816349945599902708230426322897706646893441528370772984244758379821844214668379479075580e-01 2.50000000000000000000000000000000000000000000000000000000000000000000000000000000000000000000000000000000000e-01
EDGES
0 2
0 3
1 2
1 3
DONE