NODES
0 0.00000000000000000000000000000000000000000000000000000000000000000000000000000000000000000000000000000000000e+00 0.00000000000000000000000000000000000000000000000000000000000000000000000000000000000000000000000000000000000e+00
1 0.00000000000000000000000000000000000000000000000000000000000000000000000000000000000000000000000000000000000e+00 5.00000000000000000000000000000000000000000000000000000000000000000000000000000000000000000000000000000000000e-01
2 -9.68245836551854221294816349945599902708230426322897706646893441528370772984244758379821844214668379479075580e-01 2.50000000000000000000000000000000000000000000000000000000000000000000000000000000000000000000000000000000000e-01
3 9.68245836551854221294816349945599902708230426322897706646893441528370772984244758379821844214668379479075580e-01 2.50000000000000000000000000000000000000000000000000000000000000000000000000000000000000000000000000000000000e-01
4 -7.00629269222036772338338967661033997221965869887746431830422593195677013605722383825054195451990261698991302e-01 -7.13525491562421136153440125774228588290231884854322146601586467028945347114176837280405403142043353113565509e-01
5 -2.67616567329817448956477382284565905486264556435151274816470848332693759378522374554767648762678117780084496e-01 9.63525491562421136153440125774228588290231884854322146601586467028945347114176837280405403142043353113565509e-01
6 2.67616567329817448956477382284565905486264556435151274816470848332693759378522374554767648762678117780084496e-01 9.63525491562421136153440125774228588290231884854322146601586467028945347114176837280405403142043353113565509e-01
7 7.00629269222036772338338967661033997221965869887746431830422593195677013605722383825054195451990261698991302e-01 -7.13525491562421136153440125774228588290231884854322146601586467028945347114176837280405403142043353113565509e-01
8 -2.67616567329817448956477382284565905486264556435151274816470848332693759378522374554767648762678117780084496e-01 -4.63525491562421136153440125774228588290231884854322146601586467028945347114176837280405403142043353113565509e-01
9 -7.00629269222036772338338967661033997221965869887746431830422593195677013605722383825054195451990261698991302e-01 1.21352549156242113615344012577422858829023188485432214660158646702894534711417683728040540314204335311356507e+00
10 7.00629269222036772338338967661033997221965869887746431830422593195677013605722383825054195451990261698991302e-01 1.21352549156242113615344012577422858829023188485432214660158646702894534711417683728040540314204335311356507e+00
11 2.67616567329817448956477382284565905486264556435151274816470848332693759378522374554767648762678117780084496e-01 -4.63525491562421136153440125774228588290231884854322146601586467028945347114176837280405403142043353113565509e-01
12 -4.33012701892219323381861585376468091735701313452595157013951744862983254227200009270286546689312143918906806e-01 2.50000000000000000000000000000000000000000000000000000000000000000000000000000000000000000000000000000000000e-01
13 0.00000000000000000000000000000000000000000000000000000000000000000000000000000000000000000000000000000000000e+00 -1.42705098312484227230688025154845717658046376970864429320317293405789069422835367456081080628408670622713102e+00
14 0.00000000000000000000000000000000000000000000000000000000000000000000000000000000000000000000000000000000000e+00 1.92705098312484227230688025154845717658046376970864429320317293405789069422835367456081080628408670622713102e+00
15 4.33012701892219323381861585376468091735701313452595157013951744862983254227200009270286546689312143918906588e-01 2.50000000000000000000000000000000000000000000000000000000000000000000000000000000000000000000000000000000000e-01
16 2.67616567329817448956477382284565905486264556435151274816470848332693759378522374554767648762678117780084278e-01 -9.63525491562421136153440125774228588290231884854322146601586467028945347114176837280405403142043353113565945e-01
17 7.00629269222036772338338967661033997221965869887746431830422593195677013605722383825054195451990261698991302e-01 7.13525491562421136153440125774228588290231884854322146601586467028945347114176837280405403142043353113565509e-01
18 -7.00629269222036772338338967661033997221965869887746431830422593195677013605722383825054195451990261698991302e-01 7.13525491562421136153440125774228588290231884854322146601586467028945347114176837280405403142043353113565509e-01
19 -2.67616567329817448956477382284565905486264556435151274816470848332693759378522374554767648762678117780084278e-01 -9.63525491562421136153440125774228588290231884854322146601586467028945347114176837280405403142043353113565945e-01
20 7.00629269222036772338338967661033997221965869887746431830422593195677013605722383825054195451990261698991302e-01 -2.13525491562421136153440125774228588290231884854322146601586467028945347114176837280405403142043353113565509e-01
21 2.67616567329817448956477382284565905486264556435151274816470848332693759378522374554767648762678117780084278e-01 1.46352549156242113615344012577422858829023188485432214660158646702894534711417683728040540314204335311356595e+00
22 -2.67616567329817448956477382284565905486264556435151274816470848332693759378522374554767648762678117780084278e-01 1.46352549156242113615344012577422858829023188485432214660158646702894534711417683728040540314204335311356595e+00
23 -7.00629269222036772338338967661033997221965869887746431830422593195677013605722383825054195451990261698991302e-01 -2.13525491562421136153440125774228588290231884854322146601586467028945347114176837280405403142043353113565509e-01
24 -1.66887510577389099363315531760663389993019629621064413847731603472404778658996714220487603966665864117806688e+00 -4.63525491562421136153440125774228588290231884854322146601586467028945347114176837280405403142043353113565509e-01
25 -1.23586240388167167025129373223016580819449498275804898146336428986106453236276713293458949297734649725915986e+00 1.21352549156242113615344012577422858829023188485432214660158646702894534711417683728040540314204335311356507e+00
26 -1.23586240388167167025129373223016580819449498275804898146336428986106453236276713293458949297734649725915986e+00 -7.13525491562421136153440125774228588290231884854322146601586467028945347114176837280405403142043353113565945e-01
27 -1.66887510577389099363315531760663389993019629621064413847731603472404778658996714220487603966665864117806688e+00 9.63525491562421136153440125774228588290231884854322146601586467028945347114176837280405403142043353113565073e-01
28 1.23586240388167167025129373223016580819449498275804898146336428986106453236276713293458949297734649725915986e+00 1.21352549156242113615344012577422858829023188485432214660158646702894534711417683728040540314204335311356507e+00
29 1.66887510577389099363315531760663389993019629621064413847731603472404778658996714220487603966665864117806688e+00 -4.63525491562421136153440125774228588290231884854322146601586467028945347114176837280405403142043353113565509e-01
30 1.66887510577389099363315531760663389993019629621064413847731603472404778658996714220487603966665864117806688e+00 9.63525491562421136153440125774228588290231884854322146601586467028945347114176837280405403142043353113565073e-01
31 1.23586240388167167025129373223016580819449498275804898146336428986106453236276713293458949297734649725915986e+00 -7.13525491562421136153440125774228588290231884854322146601586467028945347114176837280405403142043353113565945e-01
32 -1.40125853844407354467667793532206799444393173977549286366084518639135402721144476765010839090398052339798260e+00 0.00000000000000000000000000000000000000000000000000000000000000000000000000000000000000000000000000000000000e+00
33 -9.68245836551854221294816349945599902708230426322897706646893441528370772984244758379821844214668379479075580e-01 -1.67705098312484227230688025154845717658046376970864429320317293405789069422835367456081080628408670622713189e+00
34 -9.68245836551854221294816349945599902708230426322897706646893441528370772984244758379821844214668379479075580e-01 1.67705098312484227230688025154845717658046376970864429320317293405789069422835367456081080628408670622713102e+00
35 -5.35233134659634897912954764569131810972529112870302549632941696665387518757044749109535297525356235560168556e-01 -4.36015087616834633718789500543724426060451505593413795934725129405072264063544538755587776893681346759484503e-106
36 5.35233134659634897912954764569131810972529112870302549632941696665387518757044749109535297525356235560168556e-01 -4.36015087616834633718789500543724426060451505593413795934725129405072264063544538755587776893681346759484503e-106
37 9.68245836551854221294816349945599902708230426322897706646893441528370772984244758379821844214668379479075580e-01 1.67705098312484227230688025154845717658046376970864429320317293405789069422835367456081080628408670622713102e+00
38 9.68245836551854221294816349945599902708230426322897706646893441528370772984244758379821844214668379479075580e-01 -1.67705098312484227230688025154845717658046376970864429320317293405789069422835367456081080628408670622713189e+00
39 1.40125853844407354467667793532206799444393173977549286366084518639135402721144476765010839090398052339798260e+00 2.18007543808417316859394750271862213030225752796706897967362564702536132031772269377793888446840673379742251e-106
40 -9.68245836551854221294816349945599902708230426322897706646893441528370772984244758379821844214668379479075580e-01 -1.17705098312484227230688025154845717658046376970864429320317293405789069422835367456081080628408670622713102e+00
41 -5.35233134659634897912954764569131810972529112870302549632941696665387518757044749109535297525356235560168556e-01 5.00000000000000000000000000000000000000000000000000000000000000000000000000000000000000000000000000000000000e-01
42 -1.40125853844407354467667793532206799444393173977549286366084518639135402721144476765010839090398052339798260e+00 4.99999999999999999999999999999999999999999999999999999999999999999999999999999999999999999999999999999999564e-01
43 -9.68245836551854221294816349945599902708230426322897706646893441528370772984244758379821844214668379479076016e-01 2.17705098312484227230688025154845717658046376970864429320317293405789069422835367456081080628408670622713015e+00
44 9.68245836551854221294816349945599902708230426322897706646893441528370772984244758379821844214668379479076016e-01 2.17705098312484227230688025154845717658046376970864429320317293405789069422835367456081080628408670622713015e+00
45 1.40125853844407354467667793532206799444393173977549286366084518639135402721144476765010839090398052339798260e+00 4.99999999999999999999999999999999999999999999999999999999999999999999999999999999999999999999999999999999346e-01
46 5.35233134659634897912954764569131810972529112870302549632941696665387518757044749109535297525356235560168556e-01 5.00000000000000000000000000000000000000000000000000000000000000000000000000000000000000000000000000000000000e-01
47 9.68245836551854221294816349945599902708230426322897706646893441528370772984244758379821844214668379479075580e-01 -1.17705098312484227230688025154845717658046376970864429320317293405789069422835367456081080628408670622713102e+00
48 9.68245836551854221294816349945599902708230426322897706646893441528370772984244758379821844214668379479076016e-01 -2.50000000000000000000000000000000000000000000000000000000000000000000000000000000000000000000000000000000436e-01
49 -9.68245836551854221294816349945599902708230426322897706646893441528370772984244758379821844214668379479075580e-01 -2.50000000000000000000000000000000000000000000000000000000000000000000000000000000000000000000000000000000218e-01
50 9.68245836551854221294816349945599902708230426322897706646893441528370772984244758379821844214668379479075580e-01 7.50000000000000000000000000000000000000000000000000000000000000000000000000000000000000000000000000000000000e-01
51 -9.68245836551854221294816349945599902708230426322897706646893441528370772984244758379821844214668379479076016e-01 7.50000000000000000000000000000000000000000000000000000000000000000000000000000000000000000000000000000000436e-01
52 -1.93649167310370844258963269989119980541646085264579541329378688305674154596848951675964368842933675895815116e+00 5.00000000000000000000000000000000000000000000000000000000000000000000000000000000000000000000000000000000000e-01
53 -1.93649167310370844258963269989119980541646085264579541329378688305674154596848951675964368842933675895815116e+00 -3.27011315712625975289092125407793319545338629195060346951043847053804198047658404066690832670261010069613377e-106
54 1.93649167310370844258963269989119980541646085264579541329378688305674154596848951675964368842933675895815116e+00 4.99999999999999999999999999999999999999999999999999999999999999999999999999999999999999999999999999999999782e-01
55 1.93649167310370844258963269989119980541646085264579541329378688305674154596848951675964368842933675895815116e+00 -8.72030175233669267437579001087448852120903011186827591869450258810144528127089077511175553787362693518969005e-106
56 -1.66887510577389099363315531760663389993019629621064413847731603472404778658996714220487603966665864117806688e+00 -9.63525491562421136153440125774228588290231884854322146601586467028945347114176837280405403142043353113565945e-01
57 -1.23586240388167167025129373223016580819449498275804898146336428986106453236276713293458949297734649725915986e+00 7.13525491562421136153440125774228588290231884854322146601586467028945347114176837280405403142043353113565509e-01
58 1.23586240388167167025129373223016580819449498275804898146336428986106453236276713293458949297734649725915986e+00 7.13525491562421136153440125774228588290231884854322146601586467028945347114176837280405403142043353113565073e-01
59 1.66887510577389099363315531760663389993019629621064413847731603472404778658996714220487603966665864117806688e+00 -9.63525491562421136153440125774228588290231884854322146601586467028945347114176837280405403142043353113565945e-01
60 -1.23586240388167167025129373223016580819449498275804898146336428986106453236276713293458949297734649725915986e+00 -2.13525491562421136153440125774228588290231884854322146601586467028945347114176837280405403142043353113565509e-01
61 -1.66887510577389099363315531760663389993019629621064413847731603472404778658996714220487603966665864117806688e+00 1.46352549156242113615344012577422858829023188485432214660158646702894534711417683728040540314204335311356507e+00
62 1.66887510577389099363315531760663389993019629621064413847731603472404778658996714220487603966665864117806688e+00 1.46352549156242113615344012577422858829023188485432214660158646702894534711417683728040540314204335311356420e+00
63 1.23586240388167167025129373223016580819449498275804898146336428986106453236276713293458949297734649725915986e+00 -2.13525491562421136153440125774228588290231884854322146601586467028945347114176837280405403142043353113565400e-01
64 4.33012701892219323381861585376468091735701313452595157013951744862983254227200009270286546689312143918906152e-01 -2.49999999999999999999999999999999999999999999999999999999999999999999999999999999999999999999999999999999346e-01
65 4.33012701892219323381861585376468091735701313452595157013951744862983254227200009270286546689312143918906152e-01 7.49999999999999999999999999999999999999999999999999999999999999999999999999999999999999999999999999999999128e-01
66 -4.33012701892219323381861585376468091735701313452595157013951744862983254227200009270286546689312143918906806e-01 -2.50000000000000000000000000000000000000000000000000000000000000000000000000000000000000000000000000000000000e-01
67 -4.33012701892219323381861585376468091735701313452595157013951744862983254227200009270286546689312143918906806e-01 7.50000000000000000000000000000000000000000000000000000000000000000000000000000000000000000000000000000000000e-01
68 0.00000000000000000000000000000000000000000000000000000000000000000000000000000000000000000000000000000000000e+00 -1.92705098312484227230688025154845717658046376970864429320317293405789069422835367456081080628408670622713189e+00
69 -7.00629269222036772338338967661033997221965869887746431830422593195677013605722383825054195451990261698991302e-01 -1.21352549156242113615344012577422858829023188485432214660158646702894534711417683728040540314204335311356595e+00
70 2.67616567329817448956477382284565905486264556435151274816470848332693759378522374554767648762678117780084496e-01 3.64745084375788638465598742257714117097681151456778533984135329710546528858231627195945968579566468864340545e-02
71 0.00000000000000000000000000000000000000000000000000000000000000000000000000000000000000000000000000000000000e+00 1.42705098312484227230688025154845717658046376970864429320317293405789069422835367456081080628408670622713102e+00
72 -2.67616567329817448956477382284565905486264556435151274816470848332693759378522374554767648762678117780084496e-01 4.63525491562421136153440125774228588290231884854322146601586467028945347114176837280405403142043353113565945e-01
73 7.00629269222036772338338967661033997221965869887746431830422593195677013605722383825054195451990261698991302e-01 1.71352549156242113615344012577422858829023188485432214660158646702894534711417683728040540314204335311356595e+00
74 -7.00629269222036772338338967661033997221965869887746431830422593195677013605722383825054195451990261698991302e-01 1.71352549156242113615344012577422858829023188485432214660158646702894534711417683728040540314204335311356595e+00
75 2.67616567329817448956477382284565905486264556435151274816470848332693759378522374554767648762678117780084496e-01 4.63525491562421136153440125774228588290231884854322146601586467028945347114176837280405403142043353113565945e-01
76 -2.67616567329817448956477382284565905486264556435151274816470848332693759378522374554767648762678117780084496e-01 3.64745084375788638465598742257714117097681151456778533984135329710546528858231627195945968579566468864340545e-02
77 7.00629269222036772338338967661033997221965869887746431830422593195677013605722383825054195451990261698991302e-01 -1.21352549156242113615344012577422858829023188485432214660158646702894534711417683728040540314204335311356595e+00
78 0.00000000000000000000000000000000000000000000000000000000000000000000000000000000000000000000000000000000000e+00 -9.27050983124842272306880251548457176580463769708644293203172934057890694228353674560810806284086706227131019e-01
79 0.00000000000000000000000000000000000000000000000000000000000000000000000000000000000000000000000000000000000e+00 2.42705098312484227230688025154845717658046376970864429320317293405789069422835367456081080628408670622713189e+00
EDGES
0 2
0 3
0 4
0 5
0 6
0 7
0 16
0 17
0 18
0 19
0 48
0 49
1 2
1 3
1 8
1 9
1 10
1 11
1 20
1 21
1 22
1 23
1 50
1 51
2 4
2 5
2 8
2 9
2 24
2 25
2 26
2 27
2 52
2 53
3 6
3 7
3 10
3 11
3 28
3 29
3 30
3 31
3 54
3 55
4 11
4 12
4 13
4 16
4 24
4 32
4 33
4 56
5 10
5 14
5 15
5 17
5 25
5 34
5 35
5 57
6 9
6 12
6 14
6 18
6 28
6 36
6 37
6 58
7 8
7 13
7 15
7 19
7 29
7 38
7 39
7 59
8 13
8 15
8 20
8 26
8 40
8 41
8 60
9 12
9 14
9 21
9 27
9 42
9 43
9 61
10 14
10 15
10 22
10 30
10 44
10 45
10 62
11 12
11 13
11 23
11 31
11 46
11 47
11 63
12 32
12 36
12 42
12 46
12 64
12 65
13 33
13 38
13 40
13 47
14 34
14 37
14 43
14 44
15 35
15 39
15 41
15 45
15 66
15 67
16 31
16 36
16 38
16 48
16 66
16 68
16 69
16 70
17 30
17 37
17 39
17 48
17 64
17 71
17 72
17 73
18 27
18 32
18 34
18 49
18 66
18 71
18 74
18 75
19 26
19 33
19 35
19 49
19 64
19 68
19 76
19 77
20 29
20 45
20 47
20 50
20 65
20 76
20 77
20 78
21 28
21 44
21 46
21 50
21 67
21 74
21 75
21 79
22 25
22 41
22 43
22 51
22 65
22 72
22 73
22 79
23 24
23 40
23 42
23 51
23 67
23 69
23 70
23 78
24 40
24 42
24 52
25 41
25 43
25 52
26 33
26 35
26 53
27 32
27 34
27 53
28 44
28 46
28 54
29 45
29 47
29 54
30 37
30 39
30 55
31 36
31 38
31 55
32 41
32 56
32 66
33 56
33 68
34 57
34 71
35 42
35 57
35 64
36 45
36 58
36 66
37 58
37 71
38 59
38 68
39 46
39 59
39 64
40 60
40 78
41 60
41 65
42 61
42 67
43 61
43 79
44 62
44 79
45 62
45 65
46 63
46 67
47 63
47 78
48 50
48 55
48 58
48 59
48 75
48 77
49 51
49 53
49 56
49 57
49 69
49 72
50 54
50 62
50 63
50 70
50 73
51 52
51 60
51 61
51 74
51 76
52 60
52 61
53 56
53 57
54 62
54 63
55 58
55 59
56 69
57 72
58 75
59 77
60 76
61 74
62 73
63 70
64 65
64 72
64 77
65 73
65 76
66 67
66 69
66 75
67 70
67 74
68 69
68 77
68 78
70 78
71 72
71 75
71 79
73 79
74 79
76 78
DONE