NODES
0 0.00000000000000000000000000000000000000000000000000000000000000000000000000000000000000000000000000000000000e+00 0.00000000000000000000000000000000000000000000000000000000000000000000000000000000000000000000000000000000000e+00
1 0.00000000000000000000000000000000000000000000000000000000000000000000000000000000000000000000000000000000000e+00 5.00000000000000000000000000000000000000000000000000000000000000000000000000000000000000000000000000000000000e-01
2 -9.68245836551854221294816349945599902708230426322897706646893441528370772984244758379821844214668379479075580e-01 2.50000000000000000000000000000000000000000000000000000000000000000000000000000000000000000000000000000000000e-01
3 9.68245836551854221294816349945599902708230426322897706646893441528370772984244758379821844214668379479075580e-01 2.50000000000000000000000000000000000000000000000000000000000000000000000000000000000000000000000000000000000e-01
4 -7.00629269222036772338338967661033997221965869887746431830422593195677013605722383825054195451990261698991302e-01 -7.13525491562421136153440125774228588290231884854322146601586467028945347114176837280405403142043353113565509e-01
5 -2.67616567329817448956477382284565905486264556435151274816470848332693759378522374554767648762678117780084496e-01 9.63525491562421136153440125774228588290231884854322146601586467028945347114176837280405403142043353113565509e-01
6 2.67616567329817448956477382284565905486264556435151274816470848332693759378522374554767648762678117780084496e-01 9.63525491562421136153440125774228588290231884854322146601586467028945347114176837280405403142043353113565509e-01
7 7.00629269222036772338338967661033997221965869887746431830422593195677013605722383825054195451990261698991302e-01 -7.13525491562421136153440125774228588290231884854322146601586467028945347114176837280405403142043353113565509e-01
8 -2.67616567329817448956477382284565905486264556435151274816470848332693759378522374554767648762678117780084496e-01 -4.63525491562421136153440125774228588290231884854322146601586467028945347114176837280405403142043353113565509e-01
9 -7.00629269222036772338338967661033997221965869887746431830422593195677013605722383825054195451990261698991302e-01 1.21352549156242113615344012577422858829023188485432214660158646702894534711417683728040540314204335311356507e+00
10 7.00629269222036772338338967661033997221965869887746431830422593195677013605722383825054195451990261698991302e-01 1.21352549156242113615344012577422858829023188485432214660158646702894534711417683728040540314204335311356507e+00
11 2.67616567329817448956477382284565905486264556435151274816470848332693759378522374554767648762678117780084496e-01 -4.63525491562421136153440125774228588290231884854322146601586467028945347114176837280405403142043353113565509e-01
12 2.67616567329817448956477382284565905486264556435151274816470848332693759378522374554767648762678117780084278e-01 -9.63525491562421136153440125774228588290231884854322146601586467028945347114176837280405403142043353113565945e-01
13 7.00629269222036772338338967661033997221965869887746431830422593195677013605722383825054195451990261698991302e-01 7.13525491562421136153440125774228588290231884854322146601586467028945347114176837280405403142043353113565509e-01
14 -7.00629269222036772338338967661033997221965869887746431830422593195677013605722383825054195451990261698991302e-01 7.13525491562421136153440125774228588290231884854322146601586467028945347114176837280405403142043353113565509e-01
15 -2.67616567329817448956477382284565905486264556435151274816470848332693759378522374554767648762678117780084278e-01 -9.63525491562421136153440125774228588290231884854322146601586467028945347114176837280405403142043353113565945e-01
16 7.00629269222036772338338967661033997221965869887746431830422593195677013605722383825054195451990261698991302e-01 -2.13525491562421136153440125774228588290231884854322146601586467028945347114176837280405403142043353113565509e-01
17 2.67616567329817448956477382284565905486264556435151274816470848332693759378522374554767648762678117780084278e-01 1.46352549156242113615344012577422858829023188485432214660158646702894534711417683728040540314204335311356595e+00
18 -2.67616567329817448956477382284565905486264556435151274816470848332693759378522374554767648762678117780084278e-01 1.46352549156242113615344012577422858829023188485432214660158646702894534711417683728040540314204335311356595e+00
19 -7.00629269222036772338338967661033997221965869887746431830422593195677013605722383825054195451990261698991302e-01 -2.13525491562421136153440125774228588290231884854322146601586467028945347114176837280405403142043353113565509e-01
20 -1.66887510577389099363315531760663389993019629621064413847731603472404778658996714220487603966665864117806688e+00 -4.63525491562421136153440125774228588290231884854322146601586467028945347114176837280405403142043353113565509e-01
21 -1.23586240388167167025129373223016580819449498275804898146336428986106453236276713293458949297734649725915986e+00 1.21352549156242113615344012577422858829023188485432214660158646702894534711417683728040540314204335311356507e+00
22 -1.23586240388167167025129373223016580819449498275804898146336428986106453236276713293458949297734649725915986e+00 -7.13525491562421136153440125774228588290231884854322146601586467028945347114176837280405403142043353113565945e-01
23 -1.66887510577389099363315531760663389993019629621064413847731603472404778658996714220487603966665864117806688e+00 9.63525491562421136153440125774228588290231884854322146601586467028945347114176837280405403142043353113565073e-01
24 1.23586240388167167025129373223016580819449498275804898146336428986106453236276713293458949297734649725915986e+00 1.21352549156242113615344012577422858829023188485432214660158646702894534711417683728040540314204335311356507e+00
25 1.66887510577389099363315531760663389993019629621064413847731603472404778658996714220487603966665864117806688e+00 -4.63525491562421136153440125774228588290231884854322146601586467028945347114176837280405403142043353113565509e-01
26 1.66887510577389099363315531760663389993019629621064413847731603472404778658996714220487603966665864117806688e+00 9.63525491562421136153440125774228588290231884854322146601586467028945347114176837280405403142043353113565073e-01
27 1.23586240388167167025129373223016580819449498275804898146336428986106453236276713293458949297734649725915986e+00 -7.13525491562421136153440125774228588290231884854322146601586467028945347114176837280405403142043353113565945e-01
28 -4.33012701892219323381861585376468091735701313452595157013951744862983254227200009270286546689312143918906806e-01 2.50000000000000000000000000000000000000000000000000000000000000000000000000000000000000000000000000000000000e-01
29 0.00000000000000000000000000000000000000000000000000000000000000000000000000000000000000000000000000000000000e+00 -1.42705098312484227230688025154845717658046376970864429320317293405789069422835367456081080628408670622713102e+00
30 0.00000000000000000000000000000000000000000000000000000000000000000000000000000000000000000000000000000000000e+00 1.92705098312484227230688025154845717658046376970864429320317293405789069422835367456081080628408670622713102e+00
31 4.33012701892219323381861585376468091735701313452595157013951744862983254227200009270286546689312143918906588e-01 2.50000000000000000000000000000000000000000000000000000000000000000000000000000000000000000000000000000000000e-01
32 6.06265405114932331272238851392680246679948326386576675488057622555321001076985943335943572360428587373677801e-01 4.77387344287314174900264198574276912996884725576915590741812671675709571204252832899616210271081035346506565e-01
33 -6.06265405114932331272238851392680246679948326386576675488057622555321001076985943335943572360428587373677801e-01 2.26126557126858250997358014257230870031152744230844092581873283242904287957471671003837897289189646534934352e-02
34 6.06265405114932331272238851392680246679948326386576675488057622555321001076985943335943572360428587373677801e-01 2.26126557126858250997358014257230870031152744230844092581873283242904287957471671003837897289189646534934352e-02
35 -6.06265405114932331272238851392680246679948326386576675488057622555321001076985943335943572360428587373677801e-01 4.77387344287314174900264198574276912996884725576915590741812671675709571204252832899616210271081035346506565e-01
EDGES
0 2
0 3
0 4
0 5
0 6
0 7
0 12
0 13
0 14
0 15
1 2
1 3
1 8
1 9
1 10
1 11
1 16
1 17
1 18
1 19
2 4
2 5
2 8
2 9
2 20
2 21
2 22
2 23
3 6
3 7
3 10
3 11
3 24
3 25
3 26
3 27
4 11
4 12
4 20
4 28
4 29
5 10
5 13
5 21
5 30
5 31
5 32
5 33
6 9
6 14
6 24
6 28
6 30
6 34
6 35
7 8
7 15
7 25
7 29
7 31
8 16
8 22
8 29
8 31
8 34
8 35
9 17
9 23
9 28
9 30
10 18
10 26
10 30
10 31
11 19
11 27
11 28
11 29
11 32
11 33
12 27
13 26
14 23
15 22
16 25
17 24
18 21
19 20
DONE