NODES
0 0.00000000000000000000000000000000000000000000000000000000000000000000000000000000000000000000000000000000000e+00 0.00000000000000000000000000000000000000000000000000000000000000000000000000000000000000000000000000000000000e+00
1 0.00000000000000000000000000000000000000000000000000000000000000000000000000000000000000000000000000000000000e+00 5.00000000000000000000000000000000000000000000000000000000000000000000000000000000000000000000000000000000000e-01
2 -9.68245836551854221294816349945599902708230426322897706646893441528370772984244758379821844214668379479075580e-01 2.50000000000000000000000000000000000000000000000000000000000000000000000000000000000000000000000000000000000e-01
3 9.68245836551854221294816349945599902708230426322897706646893441528370772984244758379821844214668379479075580e-01 2.50000000000000000000000000000000000000000000000000000000000000000000000000000000000000000000000000000000000e-01
4 -7.00629269222036772338338967661033997221965869887746431830422593195677013605722383825054195451990261698991302e-01 -7.13525491562421136153440125774228588290231884854322146601586467028945347114176837280405403142043353113565509e-01
5 -2.67616567329817448956477382284565905486264556435151274816470848332693759378522374554767648762678117780084496e-01 9.63525491562421136153440125774228588290231884854322146601586467028945347114176837280405403142043353113565509e-01
6 2.67616567329817448956477382284565905486264556435151274816470848332693759378522374554767648762678117780084496e-01 9.63525491562421136153440125774228588290231884854322146601586467028945347114176837280405403142043353113565509e-01
7 7.00629269222036772338338967661033997221965869887746431830422593195677013605722383825054195451990261698991302e-01 -7.13525491562421136153440125774228588290231884854322146601586467028945347114176837280405403142043353113565509e-01
8 -2.67616567329817448956477382284565905486264556435151274816470848332693759378522374554767648762678117780084496e-01 -4.63525491562421136153440125774228588290231884854322146601586467028945347114176837280405403142043353113565509e-01
9 -7.00629269222036772338338967661033997221965869887746431830422593195677013605722383825054195451990261698991302e-01 1.21352549156242113615344012577422858829023188485432214660158646702894534711417683728040540314204335311356507e+00
10 7.00629269222036772338338967661033997221965869887746431830422593195677013605722383825054195451990261698991302e-01 1.21352549156242113615344012577422858829023188485432214660158646702894534711417683728040540314204335311356507e+00
11 2.67616567329817448956477382284565905486264556435151274816470848332693759378522374554767648762678117780084496e-01 -4.63525491562421136153440125774228588290231884854322146601586467028945347114176837280405403142043353113565509e-01
12 -4.33012701892219323381861585376468091735701313452595157013951744862983254227200009270286546689312143918906806e-01 2.50000000000000000000000000000000000000000000000000000000000000000000000000000000000000000000000000000000000e-01
13 0.00000000000000000000000000000000000000000000000000000000000000000000000000000000000000000000000000000000000e+00 -1.42705098312484227230688025154845717658046376970864429320317293405789069422835367456081080628408670622713102e+00
14 0.00000000000000000000000000000000000000000000000000000000000000000000000000000000000000000000000000000000000e+00 1.92705098312484227230688025154845717658046376970864429320317293405789069422835367456081080628408670622713102e+00
15 4.33012701892219323381861585376468091735701313452595157013951744862983254227200009270286546689312143918906588e-01 2.50000000000000000000000000000000000000000000000000000000000000000000000000000000000000000000000000000000000e-01
16 2.67616567329817448956477382284565905486264556435151274816470848332693759378522374554767648762678117780084278e-01 -9.63525491562421136153440125774228588290231884854322146601586467028945347114176837280405403142043353113565945e-01
17 7.00629269222036772338338967661033997221965869887746431830422593195677013605722383825054195451990261698991302e-01 7.13525491562421136153440125774228588290231884854322146601586467028945347114176837280405403142043353113565509e-01
18 -7.00629269222036772338338967661033997221965869887746431830422593195677013605722383825054195451990261698991302e-01 7.13525491562421136153440125774228588290231884854322146601586467028945347114176837280405403142043353113565509e-01
19 -2.67616567329817448956477382284565905486264556435151274816470848332693759378522374554767648762678117780084278e-01 -9.63525491562421136153440125774228588290231884854322146601586467028945347114176837280405403142043353113565945e-01
20 7.00629269222036772338338967661033997221965869887746431830422593195677013605722383825054195451990261698991302e-01 -2.13525491562421136153440125774228588290231884854322146601586467028945347114176837280405403142043353113565509e-01
21 2.67616567329817448956477382284565905486264556435151274816470848332693759378522374554767648762678117780084278e-01 1.46352549156242113615344012577422858829023188485432214660158646702894534711417683728040540314204335311356595e+00
22 -2.67616567329817448956477382284565905486264556435151274816470848332693759378522374554767648762678117780084278e-01 1.46352549156242113615344012577422858829023188485432214660158646702894534711417683728040540314204335311356595e+00
23 -7.00629269222036772338338967661033997221965869887746431830422593195677013605722383825054195451990261698991302e-01 -2.13525491562421136153440125774228588290231884854322146601586467028945347114176837280405403142043353113565509e-01
24 -1.66887510577389099363315531760663389993019629621064413847731603472404778658996714220487603966665864117806688e+00 -4.63525491562421136153440125774228588290231884854322146601586467028945347114176837280405403142043353113565509e-01
25 -1.23586240388167167025129373223016580819449498275804898146336428986106453236276713293458949297734649725915986e+00 1.21352549156242113615344012577422858829023188485432214660158646702894534711417683728040540314204335311356507e+00
26 -1.23586240388167167025129373223016580819449498275804898146336428986106453236276713293458949297734649725915986e+00 -7.13525491562421136153440125774228588290231884854322146601586467028945347114176837280405403142043353113565945e-01
27 -1.66887510577389099363315531760663389993019629621064413847731603472404778658996714220487603966665864117806688e+00 9.63525491562421136153440125774228588290231884854322146601586467028945347114176837280405403142043353113565073e-01
28 1.23586240388167167025129373223016580819449498275804898146336428986106453236276713293458949297734649725915986e+00 1.21352549156242113615344012577422858829023188485432214660158646702894534711417683728040540314204335311356507e+00
29 1.66887510577389099363315531760663389993019629621064413847731603472404778658996714220487603966665864117806688e+00 -4.63525491562421136153440125774228588290231884854322146601586467028945347114176837280405403142043353113565509e-01
30 1.66887510577389099363315531760663389993019629621064413847731603472404778658996714220487603966665864117806688e+00 9.63525491562421136153440125774228588290231884854322146601586467028945347114176837280405403142043353113565073e-01
31 1.23586240388167167025129373223016580819449498275804898146336428986106453236276713293458949297734649725915986e+00 -7.13525491562421136153440125774228588290231884854322146601586467028945347114176837280405403142043353113565945e-01
32 -1.40125853844407354467667793532206799444393173977549286366084518639135402721144476765010839090398052339798260e+00 0.00000000000000000000000000000000000000000000000000000000000000000000000000000000000000000000000000000000000e+00
33 -9.68245836551854221294816349945599902708230426322897706646893441528370772984244758379821844214668379479075580e-01 -1.67705098312484227230688025154845717658046376970864429320317293405789069422835367456081080628408670622713189e+00
34 -9.68245836551854221294816349945599902708230426322897706646893441528370772984244758379821844214668379479075580e-01 1.67705098312484227230688025154845717658046376970864429320317293405789069422835367456081080628408670622713102e+00
35 -5.35233134659634897912954764569131810972529112870302549632941696665387518757044749109535297525356235560168556e-01 -4.36015087616834633718789500543724426060451505593413795934725129405072264063544538755587776893681346759484503e-106
36 5.35233134659634897912954764569131810972529112870302549632941696665387518757044749109535297525356235560168556e-01 -4.36015087616834633718789500543724426060451505593413795934725129405072264063544538755587776893681346759484503e-106
37 9.68245836551854221294816349945599902708230426322897706646893441528370772984244758379821844214668379479075580e-01 1.67705098312484227230688025154845717658046376970864429320317293405789069422835367456081080628408670622713102e+00
38 9.68245836551854221294816349945599902708230426322897706646893441528370772984244758379821844214668379479075580e-01 -1.67705098312484227230688025154845717658046376970864429320317293405789069422835367456081080628408670622713189e+00
39 1.40125853844407354467667793532206799444393173977549286366084518639135402721144476765010839090398052339798260e+00 2.18007543808417316859394750271862213030225752796706897967362564702536132031772269377793888446840673379742251e-106
40 -9.68245836551854221294816349945599902708230426322897706646893441528370772984244758379821844214668379479075580e-01 -1.17705098312484227230688025154845717658046376970864429320317293405789069422835367456081080628408670622713102e+00
41 -5.35233134659634897912954764569131810972529112870302549632941696665387518757044749109535297525356235560168556e-01 5.00000000000000000000000000000000000000000000000000000000000000000000000000000000000000000000000000000000000e-01
42 -1.40125853844407354467667793532206799444393173977549286366084518639135402721144476765010839090398052339798260e+00 4.99999999999999999999999999999999999999999999999999999999999999999999999999999999999999999999999999999999564e-01
43 -9.68245836551854221294816349945599902708230426322897706646893441528370772984244758379821844214668379479076016e-01 2.17705098312484227230688025154845717658046376970864429320317293405789069422835367456081080628408670622713015e+00
44 9.68245836551854221294816349945599902708230426322897706646893441528370772984244758379821844214668379479076016e-01 2.17705098312484227230688025154845717658046376970864429320317293405789069422835367456081080628408670622713015e+00
45 1.40125853844407354467667793532206799444393173977549286366084518639135402721144476765010839090398052339798260e+00 4.99999999999999999999999999999999999999999999999999999999999999999999999999999999999999999999999999999999346e-01
46 5.35233134659634897912954764569131810972529112870302549632941696665387518757044749109535297525356235560168556e-01 5.00000000000000000000000000000000000000000000000000000000000000000000000000000000000000000000000000000000000e-01
47 9.68245836551854221294816349945599902708230426322897706646893441528370772984244758379821844214668379479075580e-01 -1.17705098312484227230688025154845717658046376970864429320317293405789069422835367456081080628408670622713102e+00
EDGES
0 2
0 3
0 4
0 5
0 6
0 7
0 16
0 17
0 18
0 19
1 2
1 3
1 8
1 9
1 10
1 11
1 20
1 21
1 22
1 23
2 4
2 5
2 8
2 9
2 24
2 25
2 26
2 27
3 6
3 7
3 10
3 11
3 28
3 29
3 30
3 31
4 11
4 12
4 13
4 16
4 24
4 32
4 33
5 10
5 14
5 15
5 17
5 25
5 34
5 35
6 9
6 12
6 14
6 18
6 28
6 36
6 37
7 8
7 13
7 15
7 19
7 29
7 38
7 39
8 13
8 15
8 20
8 26
8 40
8 41
9 12
9 14
9 21
9 27
9 42
9 43
10 14
10 15
10 22
10 30
10 44
10 45
11 12
11 13
11 23
11 31
11 46
11 47
12 32
12 36
12 42
12 46
13 33
13 38
13 40
13 47
14 34
14 37
14 43
14 44
15 35
15 39
15 41
15 45
16 31
16 36
16 38
17 30
17 37
17 39
18 27
18 32
18 34
19 26
19 33
19 35
20 29
20 45
20 47
21 28
21 44
21 46
22 25
22 41
22 43
23 24
23 40
23 42
24 40
24 42
25 41
25 43
26 33
26 35
27 32
27 34
28 44
28 46
29 45
29 47
30 37
30 39
31 36
31 38
32 41
35 42
36 45
39 46
DONE