NODES
0 0.00000000000000000000000000000000000000000000000000000000000000000000000000000000000000000000000000000000000e+00 0.00000000000000000000000000000000000000000000000000000000000000000000000000000000000000000000000000000000000e+00
1 0.00000000000000000000000000000000000000000000000000000000000000000000000000000000000000000000000000000000000e+00 5.00000000000000000000000000000000000000000000000000000000000000000000000000000000000000000000000000000000000e-01
2 -9.68245836551854221294816349945599902708230426322897706646893441528370772984244758379821844214668379479075580e-01 2.50000000000000000000000000000000000000000000000000000000000000000000000000000000000000000000000000000000000e-01
3 9.68245836551854221294816349945599902708230426322897706646893441528370772984244758379821844214668379479075580e-01 2.50000000000000000000000000000000000000000000000000000000000000000000000000000000000000000000000000000000000e-01
4 -7.00629269222036772338338967661033997221965869887746431830422593195677013605722383825054195451990261698991302e-01 -7.13525491562421136153440125774228588290231884854322146601586467028945347114176837280405403142043353113565509e-01
5 -2.67616567329817448956477382284565905486264556435151274816470848332693759378522374554767648762678117780084496e-01 9.63525491562421136153440125774228588290231884854322146601586467028945347114176837280405403142043353113565509e-01
6 2.67616567329817448956477382284565905486264556435151274816470848332693759378522374554767648762678117780084496e-01 9.63525491562421136153440125774228588290231884854322146601586467028945347114176837280405403142043353113565509e-01
7 7.00629269222036772338338967661033997221965869887746431830422593195677013605722383825054195451990261698991302e-01 -7.13525491562421136153440125774228588290231884854322146601586467028945347114176837280405403142043353113565509e-01
8 -2.67616567329817448956477382284565905486264556435151274816470848332693759378522374554767648762678117780084496e-01 -4.63525491562421136153440125774228588290231884854322146601586467028945347114176837280405403142043353113565509e-01
9 -7.00629269222036772338338967661033997221965869887746431830422593195677013605722383825054195451990261698991302e-01 1.21352549156242113615344012577422858829023188485432214660158646702894534711417683728040540314204335311356507e+00
10 7.00629269222036772338338967661033997221965869887746431830422593195677013605722383825054195451990261698991302e-01 1.21352549156242113615344012577422858829023188485432214660158646702894534711417683728040540314204335311356507e+00
11 2.67616567329817448956477382284565905486264556435151274816470848332693759378522374554767648762678117780084496e-01 -4.63525491562421136153440125774228588290231884854322146601586467028945347114176837280405403142043353113565509e-01
12 -4.33012701892219323381861585376468091735701313452595157013951744862983254227200009270286546689312143918906806e-01 2.50000000000000000000000000000000000000000000000000000000000000000000000000000000000000000000000000000000000e-01
13 0.00000000000000000000000000000000000000000000000000000000000000000000000000000000000000000000000000000000000e+00 -1.42705098312484227230688025154845717658046376970864429320317293405789069422835367456081080628408670622713102e+00
14 0.00000000000000000000000000000000000000000000000000000000000000000000000000000000000000000000000000000000000e+00 1.92705098312484227230688025154845717658046376970864429320317293405789069422835367456081080628408670622713102e+00
15 4.33012701892219323381861585376468091735701313452595157013951744862983254227200009270286546689312143918906588e-01 2.50000000000000000000000000000000000000000000000000000000000000000000000000000000000000000000000000000000000e-01
16 2.67616567329817448956477382284565905486264556435151274816470848332693759378522374554767648762678117780084278e-01 -9.63525491562421136153440125774228588290231884854322146601586467028945347114176837280405403142043353113565945e-01
17 7.00629269222036772338338967661033997221965869887746431830422593195677013605722383825054195451990261698991302e-01 7.13525491562421136153440125774228588290231884854322146601586467028945347114176837280405403142043353113565509e-01
18 -7.00629269222036772338338967661033997221965869887746431830422593195677013605722383825054195451990261698991302e-01 7.13525491562421136153440125774228588290231884854322146601586467028945347114176837280405403142043353113565509e-01
19 -2.67616567329817448956477382284565905486264556435151274816470848332693759378522374554767648762678117780084278e-01 -9.63525491562421136153440125774228588290231884854322146601586467028945347114176837280405403142043353113565945e-01
20 7.00629269222036772338338967661033997221965869887746431830422593195677013605722383825054195451990261698991302e-01 -2.13525491562421136153440125774228588290231884854322146601586467028945347114176837280405403142043353113565509e-01
21 2.67616567329817448956477382284565905486264556435151274816470848332693759378522374554767648762678117780084278e-01 1.46352549156242113615344012577422858829023188485432214660158646702894534711417683728040540314204335311356595e+00
22 -2.67616567329817448956477382284565905486264556435151274816470848332693759378522374554767648762678117780084278e-01 1.46352549156242113615344012577422858829023188485432214660158646702894534711417683728040540314204335311356595e+00
23 -7.00629269222036772338338967661033997221965869887746431830422593195677013605722383825054195451990261698991302e-01 -2.13525491562421136153440125774228588290231884854322146601586467028945347114176837280405403142043353113565509e-01
24 -1.66887510577389099363315531760663389993019629621064413847731603472404778658996714220487603966665864117806688e+00 -4.63525491562421136153440125774228588290231884854322146601586467028945347114176837280405403142043353113565509e-01
25 -1.23586240388167167025129373223016580819449498275804898146336428986106453236276713293458949297734649725915986e+00 1.21352549156242113615344012577422858829023188485432214660158646702894534711417683728040540314204335311356507e+00
26 -1.23586240388167167025129373223016580819449498275804898146336428986106453236276713293458949297734649725915986e+00 -7.13525491562421136153440125774228588290231884854322146601586467028945347114176837280405403142043353113565945e-01
27 -1.66887510577389099363315531760663389993019629621064413847731603472404778658996714220487603966665864117806688e+00 9.63525491562421136153440125774228588290231884854322146601586467028945347114176837280405403142043353113565073e-01
28 1.23586240388167167025129373223016580819449498275804898146336428986106453236276713293458949297734649725915986e+00 1.21352549156242113615344012577422858829023188485432214660158646702894534711417683728040540314204335311356507e+00
29 1.66887510577389099363315531760663389993019629621064413847731603472404778658996714220487603966665864117806688e+00 -4.63525491562421136153440125774228588290231884854322146601586467028945347114176837280405403142043353113565509e-01
30 1.66887510577389099363315531760663389993019629621064413847731603472404778658996714220487603966665864117806688e+00 9.63525491562421136153440125774228588290231884854322146601586467028945347114176837280405403142043353113565073e-01
31 1.23586240388167167025129373223016580819449498275804898146336428986106453236276713293458949297734649725915986e+00 -7.13525491562421136153440125774228588290231884854322146601586467028945347114176837280405403142043353113565945e-01
32 -1.40125853844407354467667793532206799444393173977549286366084518639135402721144476765010839090398052339798260e+00 0.00000000000000000000000000000000000000000000000000000000000000000000000000000000000000000000000000000000000e+00
33 -9.68245836551854221294816349945599902708230426322897706646893441528370772984244758379821844214668379479075580e-01 -1.67705098312484227230688025154845717658046376970864429320317293405789069422835367456081080628408670622713189e+00
34 -5.66610385602788951743950188059515346920785825098491034657027033541117023010858947888774149315187137642719614e-01 2.77453286632879324733877234137208223785740862172095405988000589314320411893620743853547397368625592417885498e-01
35 2.98993818272971502787472805774949441434521268663339759840556185208423263632336573334006500552509019862635555e-01 -7.40978778195300460887317359911436812075972747026417552589587056343265759007797581133952800510668945531451226e-01
36 6.06265405114932331272238851392680246679948326386576675488057622555321001076985943335943572360428587373677801e-01 4.77387344287314174900264198574276912996884725576915590741812671675709571204252832899616210271081035346506565e-01
37 -6.06265405114932331272238851392680246679948326386576675488057622555321001076985943335943572360428587373677801e-01 2.26126557126858250997358014257230870031152744230844092581873283242904287957471671003837897289189646534934352e-02
38 5.56177722328482609971731657940712869053541150048577867894465669111785695239877289704958437033729815475403892e-01 3.96636641498868712626537113651603673531768182912772742524193856916452216224850296708867159333312436140600382e-01
39 -1.25680699155051938231007062560174686627550701993632429972488826230746270884559967353001263248572007717439476e+00 8.16888850063552423526903012122624914758463701941549404077392610112493130889326540571538243808730916972964692e-01
40 -9.68245836551854221294816349945599902708230426322897706646893441528370772984244758379821844214668379479075580e-01 1.67705098312484227230688025154845717658046376970864429320317293405789069422835367456081080628408670622713102e+00
41 -5.35233134659634897912954764569131810972529112870302549632941696665387518757044749109535297525356235560168556e-01 -4.36015087616834633718789500543724426060451505593413795934725129405072264063544538755587776893681346759484503e-106
42 6.06265405114932331272238851392680246679948326386576675488057622555321001076985943335943572360428587373677801e-01 2.26126557126858250997358014257230870031152744230844092581873283242904287957471671003837897289189646534934352e-02
43 -6.06265405114932331272238851392680246679948326386576675488057622555321001076985943335943572360428587373677801e-01 4.77387344287314174900264198574276912996884725576915590741812671675709571204252832899616210271081035346506565e-01
44 5.35233134659634897912954764569131810972529112870302549632941696665387518757044749109535297525356235560168556e-01 -4.36015087616834633718789500543724426060451505593413795934725129405072264063544538755587776893681346759484503e-106
45 9.68245836551854221294816349945599902708230426322897706646893441528370772984244758379821844214668379479075580e-01 1.67705098312484227230688025154845717658046376970864429320317293405789069422835367456081080628408670622713102e+00
46 1.25680699155051938231007062560174686627550701993632429972488826230746270884559967353001263248572007717439476e+00 8.16888850063552423526903012122624914758463701941549404077392610112493130889326540571538243808730916972964692e-01
47 -5.56177722328482609971731657940712869053541150048577867894465669111785695239877289704958437033729815475403892e-01 3.96636641498868712626537113651603673531768182912772742524193856916452216224850296708867159333312436140600600e-01
48 -2.98993818272971502787472805774949441434521268663339759840556185208423263632336573334006500552509019862635555e-01 -7.40978778195300460887317359911436812075972747026417552589587056343265759007797581133952800510668945531451226e-01
49 5.66610385602788951743950188059515346920785825098491034657027033541117023010858947888774149315187137642719614e-01 2.77453286632879324733877234137208223785740862172095405988000589314320411893620743853547397368625592417885498e-01
50 9.68245836551854221294816349945599902708230426322897706646893441528370772984244758379821844214668379479075580e-01 -1.67705098312484227230688025154845717658046376970864429320317293405789069422835367456081080628408670622713189e+00
51 1.40125853844407354467667793532206799444393173977549286366084518639135402721144476765010839090398052339798260e+00 2.18007543808417316859394750271862213030225752796706897967362564702536132031772269377793888446840673379742251e-106
52 -1.25680699155051938231007062560174686627550701993632429972488826230746270884559967353001263248572007717439476e+00 -3.16888850063552423526903012122624914758463701941549404077392610112493130889326540571538243808730916972965128e-01
53 5.56177722328482609971731657940712869053541150048577867894465669111785695239877289704958437033729815475403892e-01 1.03363358501131287373462886348396326468231817087227257475806143083547783775149703291132840666687563859399509e-01
54 -9.68245836551854221294816349945599902708230426322897706646893441528370772984244758379821844214668379479075580e-01 -1.17705098312484227230688025154845717658046376970864429320317293405789069422835367456081080628408670622713102e+00
55 -5.35233134659634897912954764569131810972529112870302549632941696665387518757044749109535297525356235560168556e-01 5.00000000000000000000000000000000000000000000000000000000000000000000000000000000000000000000000000000000000e-01
56 -1.40125853844407354467667793532206799444393173977549286366084518639135402721144476765010839090398052339798260e+00 4.99999999999999999999999999999999999999999999999999999999999999999999999999999999999999999999999999999999564e-01
57 -9.68245836551854221294816349945599902708230426322897706646893441528370772984244758379821844214668379479076016e-01 2.17705098312484227230688025154845717658046376970864429320317293405789069422835367456081080628408670622713015e+00
58 2.98993818272971502787472805774949441434521268663339759840556185208423263632336573334006500552509019862635991e-01 1.24097877819530046088731735991143681207597274702641755258958705634326575900779758113395280051066894553145123e+00
59 -5.66610385602788951743950188059515346920785825098491034657027033541117023010858947888774149315187137642720486e-01 2.22546713367120675266122765862791776214259137827904594011999410685679588106379256146452602631374407582113412e-01
60 5.66610385602788951743950188059515346920785825098491034657027033541117023010858947888774149315187137642720486e-01 2.22546713367120675266122765862791776214259137827904594011999410685679588106379256146452602631374407582113412e-01
61 -2.98993818272971502787472805774949441434521268663339759840556185208423263632336573334006500552509019862635991e-01 1.24097877819530046088731735991143681207597274702641755258958705634326575900779758113395280051066894553145123e+00
62 9.68245836551854221294816349945599902708230426322897706646893441528370772984244758379821844214668379479076016e-01 2.17705098312484227230688025154845717658046376970864429320317293405789069422835367456081080628408670622713015e+00
63 1.40125853844407354467667793532206799444393173977549286366084518639135402721144476765010839090398052339798260e+00 4.99999999999999999999999999999999999999999999999999999999999999999999999999999999999999999999999999999999346e-01
64 5.35233134659634897912954764569131810972529112870302549632941696665387518757044749109535297525356235560168556e-01 5.00000000000000000000000000000000000000000000000000000000000000000000000000000000000000000000000000000000000e-01
65 9.68245836551854221294816349945599902708230426322897706646893441528370772984244758379821844214668379479075580e-01 -1.17705098312484227230688025154845717658046376970864429320317293405789069422835367456081080628408670622713102e+00
66 -5.56177722328482609971731657940712869053541150048577867894465669111785695239877289704958437033729815475403892e-01 1.03363358501131287373462886348396326468231817087227257475806143083547783775149703291132840666687563859399182e-01
67 1.25680699155051938231007062560174686627550701993632429972488826230746270884559967353001263248572007717439476e+00 -3.16888850063552423526903012122624914758463701941549404077392610112493130889326540571538243808730916972964692e-01
68 -2.18007543808417316859394750271862213030225752796706897967362564702536132031772269377793888446840673379742251e-106 1.15138781886599732327980531686762398656282414346131155317761326405679173707325261130115477050462267941837851e+00
69 -2.18007543808417316859394750271862213030225752796706897967362564702536132031772269377793888446840673379742251e-106 -6.51387818865997323279805316867623986562824143461311553177613264056791737073252611301154770504622679418378515e-01
EDGES
0 2
0 3
0 4
0 5
0 6
0 7
0 16
0 17
0 18
0 19
1 2
1 3
1 8
1 9
1 10
1 11
1 20
1 21
1 22
1 23
2 4
2 5
2 8
2 9
2 24
2 25
2 26
2 27
3 6
3 7
3 10
3 11
3 28
3 29
3 30
3 31
4 11
4 12
4 13
4 16
4 24
4 32
4 33
4 34
4 35
5 10
5 14
5 15
5 17
5 25
5 36
5 37
5 38
5 39
5 40
5 41
6 9
6 12
6 14
6 18
6 28
6 42
6 43
6 44
6 45
6 46
6 47
7 8
7 13
7 15
7 19
7 29
7 48
7 49
7 50
7 51
8 13
8 15
8 20
8 26
8 42
8 43
8 52
8 53
8 54
8 55
9 12
9 14
9 21
9 27
9 56
9 57
9 58
9 59
10 14
10 15
10 22
10 30
10 60
10 61
10 62
10 63
11 12
11 13
11 23
11 31
11 36
11 37
11 64
11 65
11 66
11 67
12 32
12 38
12 39
12 44
12 48
12 49
12 52
12 53
12 56
12 60
12 61
12 64
12 68
12 69
13 33
13 50
13 54
13 65
14 40
14 45
14 57
14 62
15 34
15 35
15 41
15 46
15 47
15 51
15 55
15 58
15 59
15 63
15 66
15 67
15 68
15 69
16 31
16 44
16 50
17 30
17 45
17 51
18 27
18 32
18 40
19 26
19 33
19 41
20 29
20 63
20 65
21 28
21 62
21 64
22 25
22 55
22 57
23 24
23 54
23 56
24 54
24 56
25 55
25 57
26 33
26 41
27 32
27 40
28 62
28 64
29 63
29 65
30 45
30 51
31 44
31 50
32 55
34 61
35 60
38 67
39 66
41 56
44 63
46 53
47 52
48 59
49 58
51 64
DONE