NODES
0 0.00000000000000000000000000000000000000000000000000000000000000000000000000000000000000000000000000000000000e+00 0.00000000000000000000000000000000000000000000000000000000000000000000000000000000000000000000000000000000000e+00
1 0.00000000000000000000000000000000000000000000000000000000000000000000000000000000000000000000000000000000000e+00 5.00000000000000000000000000000000000000000000000000000000000000000000000000000000000000000000000000000000000e-01
2 -9.68245836551854221294816349945599902708230426322897706646893441528370772984244758379821844214668379479075580e-01 2.50000000000000000000000000000000000000000000000000000000000000000000000000000000000000000000000000000000000e-01
3 9.68245836551854221294816349945599902708230426322897706646893441528370772984244758379821844214668379479075580e-01 2.50000000000000000000000000000000000000000000000000000000000000000000000000000000000000000000000000000000000e-01
4 -7.00629269222036772338338967661033997221965869887746431830422593195677013605722383825054195451990261698991302e-01 -7.13525491562421136153440125774228588290231884854322146601586467028945347114176837280405403142043353113565509e-01
5 -2.67616567329817448956477382284565905486264556435151274816470848332693759378522374554767648762678117780084496e-01 9.63525491562421136153440125774228588290231884854322146601586467028945347114176837280405403142043353113565509e-01
6 2.67616567329817448956477382284565905486264556435151274816470848332693759378522374554767648762678117780084496e-01 9.63525491562421136153440125774228588290231884854322146601586467028945347114176837280405403142043353113565509e-01
7 7.00629269222036772338338967661033997221965869887746431830422593195677013605722383825054195451990261698991302e-01 -7.13525491562421136153440125774228588290231884854322146601586467028945347114176837280405403142043353113565509e-01
8 -2.67616567329817448956477382284565905486264556435151274816470848332693759378522374554767648762678117780084496e-01 -4.63525491562421136153440125774228588290231884854322146601586467028945347114176837280405403142043353113565509e-01
9 -7.00629269222036772338338967661033997221965869887746431830422593195677013605722383825054195451990261698991302e-01 1.21352549156242113615344012577422858829023188485432214660158646702894534711417683728040540314204335311356507e+00
10 7.00629269222036772338338967661033997221965869887746431830422593195677013605722383825054195451990261698991302e-01 1.21352549156242113615344012577422858829023188485432214660158646702894534711417683728040540314204335311356507e+00
11 2.67616567329817448956477382284565905486264556435151274816470848332693759378522374554767648762678117780084496e-01 -4.63525491562421136153440125774228588290231884854322146601586467028945347114176837280405403142043353113565509e-01
12 -4.33012701892219323381861585376468091735701313452595157013951744862983254227200009270286546689312143918906806e-01 2.50000000000000000000000000000000000000000000000000000000000000000000000000000000000000000000000000000000000e-01
13 0.00000000000000000000000000000000000000000000000000000000000000000000000000000000000000000000000000000000000e+00 -1.42705098312484227230688025154845717658046376970864429320317293405789069422835367456081080628408670622713102e+00
14 0.00000000000000000000000000000000000000000000000000000000000000000000000000000000000000000000000000000000000e+00 1.92705098312484227230688025154845717658046376970864429320317293405789069422835367456081080628408670622713102e+00
15 4.33012701892219323381861585376468091735701313452595157013951744862983254227200009270286546689312143918906588e-01 2.50000000000000000000000000000000000000000000000000000000000000000000000000000000000000000000000000000000000e-01
EDGES
0 2
0 3
0 4
0 5
0 6
0 7
1 2
1 3
1 8
1 9
1 10
1 11
2 4
2 5
2 8
2 9
3 6
3 7
3 10
3 11
4 11
4 12
4 13
5 10
5 14
5 15
6 9
6 12
6 14
7 8
7 13
7 15
8 13
8 15
9 12
9 14
10 14
10 15
11 12
11 13
DONE