NODES
0 0.00000000000000000000000000000000000000000000000000000000000000000000000000000000000000000000000000000000000e+00 0.00000000000000000000000000000000000000000000000000000000000000000000000000000000000000000000000000000000000e+00
1 9.99999999999999999999999999999999999999999999999999999999999999999999999999999999999999999999999999999999891e-02 0.00000000000000000000000000000000000000000000000000000000000000000000000000000000000000000000000000000000000e+00
2 1.99999999999999999999999999999999999999999999999999999999999999999999999999999999999999999999999999999999978e-01 0.00000000000000000000000000000000000000000000000000000000000000000000000000000000000000000000000000000000000e+00
3 2.99999999999999999999999999999999999999999999999999999999999999999999999999999999999999999999999999999999913e-01 0.00000000000000000000000000000000000000000000000000000000000000000000000000000000000000000000000000000000000e+00
4 3.99999999999999999999999999999999999999999999999999999999999999999999999999999999999999999999999999999999956e-01 0.00000000000000000000000000000000000000000000000000000000000000000000000000000000000000000000000000000000000e+00
5 5.00000000000000000000000000000000000000000000000000000000000000000000000000000000000000000000000000000000000e-01 0.00000000000000000000000000000000000000000000000000000000000000000000000000000000000000000000000000000000000e+00
6 5.99999999999999999999999999999999999999999999999999999999999999999999999999999999999999999999999999999999826e-01 0.00000000000000000000000000000000000000000000000000000000000000000000000000000000000000000000000000000000000e+00
7 7.00000000000000000000000000000000000000000000000000000000000000000000000000000000000000000000000000000000087e-01 0.00000000000000000000000000000000000000000000000000000000000000000000000000000000000000000000000000000000000e+00
8 7.99999999999999999999999999999999999999999999999999999999999999999999999999999999999999999999999999999999913e-01 0.00000000000000000000000000000000000000000000000000000000000000000000000000000000000000000000000000000000000e+00
9 9.00000000000000000000000000000000000000000000000000000000000000000000000000000000000000000000000000000000174e-01 0.00000000000000000000000000000000000000000000000000000000000000000000000000000000000000000000000000000000000e+00
10 1.00000000000000000000000000000000000000000000000000000000000000000000000000000000000000000000000000000000000e+00 0.00000000000000000000000000000000000000000000000000000000000000000000000000000000000000000000000000000000000e+00
11 4.99999999999999999999999999999999999999999999999999999999999999999999999999999999999999999999999999999999945e-02 9.98749217771908945789019116402914359893128805832071826889155151533868783531157225637572258027171234426586327e-01
12 4.99999999999999999999999999999999999999999999999999999999999999999999999999999999999999999999999999999999945e-02 -9.98749217771908945789019116402914359893128805832071826889155151533868783531157225637572258027171234426586327e-01
13 9.99999999999999999999999999999999999999999999999999999999999999999999999999999999999999999999999999999999891e-02 9.94987437106619954734479821001206005178126563676806079117604643834945392782713154012653019738487195272103710e-01
14 9.99999999999999999999999999999999999999999999999999999999999999999999999999999999999999999999999999999999891e-02 -9.94987437106619954734479821001206005178126563676806079117604643834945392782713154012653019738487195272103710e-01
15 1.49999999999999999999999999999999999999999999999999999999999999999999999999999999999999999999999999999999956e-01 9.88685996664259425577400114976232776502539114377206615075965613124408378043291985655858333052629750158433119e-01
16 1.49999999999999999999999999999999999999999999999999999999999999999999999999999999999999999999999999999999956e-01 -9.88685996664259425577400114976232776502539114377206615075965613124408378043291985655858333052629750158433119e-01
17 1.99999999999999999999999999999999999999999999999999999999999999999999999999999999999999999999999999999999978e-01 9.79795897113271239278913629882356556786378992262668051373077026900384150982926010615943773241856093927437877e-01
18 1.99999999999999999999999999999999999999999999999999999999999999999999999999999999999999999999999999999999978e-01 -9.79795897113271239278913629882356556786378992262668051373077026900384150982926010615943773241856093927437877e-01
19 2.50000000000000000000000000000000000000000000000000000000000000000000000000000000000000000000000000000000000e-01 9.68245836551854221294816349945599902708230426322897706646893441528370772984244758379821844214668379479075580e-01
20 2.50000000000000000000000000000000000000000000000000000000000000000000000000000000000000000000000000000000000e-01 -9.68245836551854221294816349945599902708230426322897706646893441528370772984244758379821844214668379479075580e-01
21 2.99999999999999999999999999999999999999999999999999999999999999999999999999999999999999999999999999999999913e-01 9.53939201416945649152621586023226540254623425250545753908151852910362552305650721827782176449122069822480525e-01
22 2.99999999999999999999999999999999999999999999999999999999999999999999999999999999999999999999999999999999913e-01 -9.53939201416945649152621586023226540254623425250545753908151852910362552305650721827782176449122069822480525e-01
23 3.50000000000000000000000000000000000000000000000000000000000000000000000000000000000000000000000000000000044e-01 9.36749699759759730877033968140969169160943996698748446267945789591441680087527175095000416833201088066175064e-01
24 3.50000000000000000000000000000000000000000000000000000000000000000000000000000000000000000000000000000000044e-01 -9.36749699759759730877033968140969169160943996698748446267945789591441680087527175095000416833201088066175064e-01
25 3.99999999999999999999999999999999999999999999999999999999999999999999999999999999999999999999999999999999956e-01 9.16515138991168001317609438745601697796891315353594380521448424781373685109554177320872311898689006535519972e-01
26 3.99999999999999999999999999999999999999999999999999999999999999999999999999999999999999999999999999999999956e-01 -9.16515138991168001317609438745601697796891315353594380521448424781373685109554177320872311898689006535519972e-01
27 4.50000000000000000000000000000000000000000000000000000000000000000000000000000000000000000000000000000000087e-01 8.93028554974587584715784485272938763811340924848451902046501202017322524371003408150925328101102294715783025e-01
28 4.50000000000000000000000000000000000000000000000000000000000000000000000000000000000000000000000000000000087e-01 -8.93028554974587584715784485272938763811340924848451902046501202017322524371003408150925328101102294715783025e-01
29 5.00000000000000000000000000000000000000000000000000000000000000000000000000000000000000000000000000000000000e-01 8.66025403784438646763723170752936183471402626905190314027903489725966508454400018540573093378624287837813176e-01
30 5.00000000000000000000000000000000000000000000000000000000000000000000000000000000000000000000000000000000000e-01 -8.66025403784438646763723170752936183471402626905190314027903489725966508454400018540573093378624287837813176e-01
31 1.49999999999999999999999999999999999999999999999999999999999999999999999999999999999999999999999999999999956e-01 9.98749217771908945789019116402914359893128805832071826889155151533868783531157225637572258027171234426586327e-01
32 1.49999999999999999999999999999999999999999999999999999999999999999999999999999999999999999999999999999999956e-01 -9.98749217771908945789019116402914359893128805832071826889155151533868783531157225637572258027171234426586327e-01
33 1.99999999999999999999999999999999999999999999999999999999999999999999999999999999999999999999999999999999869e-01 9.94987437106619954734479821001206005178126563676806079117604643834945392782713154012653019738487195272103710e-01
34 1.99999999999999999999999999999999999999999999999999999999999999999999999999999999999999999999999999999999869e-01 -9.94987437106619954734479821001206005178126563676806079117604643834945392782713154012653019738487195272103710e-01
35 2.50000000000000000000000000000000000000000000000000000000000000000000000000000000000000000000000000000000000e-01 9.88685996664259425577400114976232776502539114377206615075965613124408378043291985655858333052629750158433119e-01
36 2.50000000000000000000000000000000000000000000000000000000000000000000000000000000000000000000000000000000000e-01 -9.88685996664259425577400114976232776502539114377206615075965613124408378043291985655858333052629750158433119e-01
37 2.99999999999999999999999999999999999999999999999999999999999999999999999999999999999999999999999999999999913e-01 9.79795897113271239278913629882356556786378992262668051373077026900384150982926010615943773241856093927437877e-01
38 2.99999999999999999999999999999999999999999999999999999999999999999999999999999999999999999999999999999999913e-01 -9.79795897113271239278913629882356556786378992262668051373077026900384150982926010615943773241856093927437877e-01
39 3.49999999999999999999999999999999999999999999999999999999999999999999999999999999999999999999999999999999826e-01 9.68245836551854221294816349945599902708230426322897706646893441528370772984244758379821844214668379479075580e-01
40 3.49999999999999999999999999999999999999999999999999999999999999999999999999999999999999999999999999999999826e-01 -9.68245836551854221294816349945599902708230426322897706646893441528370772984244758379821844214668379479075580e-01
41 4.00000000000000000000000000000000000000000000000000000000000000000000000000000000000000000000000000000000174e-01 9.53939201416945649152621586023226540254623425250545753908151852910362552305650721827782176449122069822480525e-01
42 4.00000000000000000000000000000000000000000000000000000000000000000000000000000000000000000000000000000000174e-01 -9.53939201416945649152621586023226540254623425250545753908151852910362552305650721827782176449122069822480525e-01
43 4.50000000000000000000000000000000000000000000000000000000000000000000000000000000000000000000000000000000087e-01 9.36749699759759730877033968140969169160943996698748446267945789591441680087527175095000416833201088066175064e-01
44 4.50000000000000000000000000000000000000000000000000000000000000000000000000000000000000000000000000000000087e-01 -9.36749699759759730877033968140969169160943996698748446267945789591441680087527175095000416833201088066175064e-01
45 5.00000000000000000000000000000000000000000000000000000000000000000000000000000000000000000000000000000000000e-01 9.16515138991168001317609438745601697796891315353594380521448424781373685109554177320872311898689006535519972e-01
46 5.00000000000000000000000000000000000000000000000000000000000000000000000000000000000000000000000000000000000e-01 -9.16515138991168001317609438745601697796891315353594380521448424781373685109554177320872311898689006535519972e-01
47 5.49999999999999999999999999999999999999999999999999999999999999999999999999999999999999999999999999999999913e-01 8.93028554974587584715784485272938763811340924848451902046501202017322524371003408150925328101102294715783025e-01
48 5.49999999999999999999999999999999999999999999999999999999999999999999999999999999999999999999999999999999913e-01 -8.93028554974587584715784485272938763811340924848451902046501202017322524371003408150925328101102294715783025e-01
49 2.50000000000000000000000000000000000000000000000000000000000000000000000000000000000000000000000000000000000e-01 9.98749217771908945789019116402914359893128805832071826889155151533868783531157225637572258027171234426586327e-01
50 2.50000000000000000000000000000000000000000000000000000000000000000000000000000000000000000000000000000000000e-01 -9.98749217771908945789019116402914359893128805832071826889155151533868783531157225637572258027171234426586327e-01
51 2.99999999999999999999999999999999999999999999999999999999999999999999999999999999999999999999999999999999913e-01 9.94987437106619954734479821001206005178126563676806079117604643834945392782713154012653019738487195272103710e-01
52 2.99999999999999999999999999999999999999999999999999999999999999999999999999999999999999999999999999999999913e-01 -9.94987437106619954734479821001206005178126563676806079117604643834945392782713154012653019738487195272103710e-01
53 3.49999999999999999999999999999999999999999999999999999999999999999999999999999999999999999999999999999999826e-01 9.88685996664259425577400114976232776502539114377206615075965613124408378043291985655858333052629750158433119e-01
54 3.49999999999999999999999999999999999999999999999999999999999999999999999999999999999999999999999999999999826e-01 -9.88685996664259425577400114976232776502539114377206615075965613124408378043291985655858333052629750158433119e-01
55 3.99999999999999999999999999999999999999999999999999999999999999999999999999999999999999999999999999999999738e-01 9.79795897113271239278913629882356556786378992262668051373077026900384150982926010615943773241856093927437877e-01
56 3.99999999999999999999999999999999999999999999999999999999999999999999999999999999999999999999999999999999738e-01 -9.79795897113271239278913629882356556786378992262668051373077026900384150982926010615943773241856093927437877e-01
57 4.50000000000000000000000000000000000000000000000000000000000000000000000000000000000000000000000000000000087e-01 9.68245836551854221294816349945599902708230426322897706646893441528370772984244758379821844214668379479075580e-01
58 4.50000000000000000000000000000000000000000000000000000000000000000000000000000000000000000000000000000000087e-01 -9.68245836551854221294816349945599902708230426322897706646893441528370772984244758379821844214668379479075580e-01
59 5.00000000000000000000000000000000000000000000000000000000000000000000000000000000000000000000000000000000000e-01 9.53939201416945649152621586023226540254623425250545753908151852910362552305650721827782176449122069822480525e-01
60 5.00000000000000000000000000000000000000000000000000000000000000000000000000000000000000000000000000000000000e-01 -9.53939201416945649152621586023226540254623425250545753908151852910362552305650721827782176449122069822480525e-01
61 5.49999999999999999999999999999999999999999999999999999999999999999999999999999999999999999999999999999999913e-01 9.36749699759759730877033968140969169160943996698748446267945789591441680087527175095000416833201088066175064e-01
62 5.49999999999999999999999999999999999999999999999999999999999999999999999999999999999999999999999999999999913e-01 -9.36749699759759730877033968140969169160943996698748446267945789591441680087527175095000416833201088066175064e-01
63 5.99999999999999999999999999999999999999999999999999999999999999999999999999999999999999999999999999999999826e-01 9.16515138991168001317609438745601697796891315353594380521448424781373685109554177320872311898689006535519972e-01
64 5.99999999999999999999999999999999999999999999999999999999999999999999999999999999999999999999999999999999826e-01 -9.16515138991168001317609438745601697796891315353594380521448424781373685109554177320872311898689006535519972e-01
65 3.49999999999999999999999999999999999999999999999999999999999999999999999999999999999999999999999999999999826e-01 9.98749217771908945789019116402914359893128805832071826889155151533868783531157225637572258027171234426586327e-01
66 3.49999999999999999999999999999999999999999999999999999999999999999999999999999999999999999999999999999999826e-01 -9.98749217771908945789019116402914359893128805832071826889155151533868783531157225637572258027171234426586327e-01
67 3.99999999999999999999999999999999999999999999999999999999999999999999999999999999999999999999999999999999956e-01 9.94987437106619954734479821001206005178126563676806079117604643834945392782713154012653019738487195272103710e-01
68 3.99999999999999999999999999999999999999999999999999999999999999999999999999999999999999999999999999999999956e-01 -9.94987437106619954734479821001206005178126563676806079117604643834945392782713154012653019738487195272103710e-01
69 4.49999999999999999999999999999999999999999999999999999999999999999999999999999999999999999999999999999999869e-01 9.88685996664259425577400114976232776502539114377206615075965613124408378043291985655858333052629750158433119e-01
70 4.49999999999999999999999999999999999999999999999999999999999999999999999999999999999999999999999999999999869e-01 -9.88685996664259425577400114976232776502539114377206615075965613124408378043291985655858333052629750158433119e-01
71 5.00000000000000000000000000000000000000000000000000000000000000000000000000000000000000000000000000000000000e-01 9.79795897113271239278913629882356556786378992262668051373077026900384150982926010615943773241856093927437877e-01
72 5.00000000000000000000000000000000000000000000000000000000000000000000000000000000000000000000000000000000000e-01 -9.79795897113271239278913629882356556786378992262668051373077026900384150982926010615943773241856093927437877e-01
73 5.49999999999999999999999999999999999999999999999999999999999999999999999999999999999999999999999999999999913e-01 9.68245836551854221294816349945599902708230426322897706646893441528370772984244758379821844214668379479075580e-01
74 5.49999999999999999999999999999999999999999999999999999999999999999999999999999999999999999999999999999999913e-01 -9.68245836551854221294816349945599902708230426322897706646893441528370772984244758379821844214668379479075580e-01
75 5.99999999999999999999999999999999999999999999999999999999999999999999999999999999999999999999999999999999826e-01 9.53939201416945649152621586023226540254623425250545753908151852910362552305650721827782176449122069822480525e-01
76 5.99999999999999999999999999999999999999999999999999999999999999999999999999999999999999999999999999999999826e-01 -9.53939201416945649152621586023226540254623425250545753908151852910362552305650721827782176449122069822480525e-01
77 6.50000000000000000000000000000000000000000000000000000000000000000000000000000000000000000000000000000000174e-01 9.36749699759759730877033968140969169160943996698748446267945789591441680087527175095000416833201088066175064e-01
78 6.50000000000000000000000000000000000000000000000000000000000000000000000000000000000000000000000000000000174e-01 -9.36749699759759730877033968140969169160943996698748446267945789591441680087527175095000416833201088066175064e-01
79 4.50000000000000000000000000000000000000000000000000000000000000000000000000000000000000000000000000000000087e-01 9.98749217771908945789019116402914359893128805832071826889155151533868783531157225637572258027171234426586327e-01
80 4.50000000000000000000000000000000000000000000000000000000000000000000000000000000000000000000000000000000087e-01 -9.98749217771908945789019116402914359893128805832071826889155151533868783531157225637572258027171234426586327e-01
81 5.00000000000000000000000000000000000000000000000000000000000000000000000000000000000000000000000000000000000e-01 9.94987437106619954734479821001206005178126563676806079117604643834945392782713154012653019738487195272103710e-01
82 5.00000000000000000000000000000000000000000000000000000000000000000000000000000000000000000000000000000000000e-01 -9.94987437106619954734479821001206005178126563676806079117604643834945392782713154012653019738487195272103710e-01
83 5.49999999999999999999999999999999999999999999999999999999999999999999999999999999999999999999999999999999913e-01 9.88685996664259425577400114976232776502539114377206615075965613124408378043291985655858333052629750158433119e-01
84 5.49999999999999999999999999999999999999999999999999999999999999999999999999999999999999999999999999999999913e-01 -9.88685996664259425577400114976232776502539114377206615075965613124408378043291985655858333052629750158433119e-01
85 5.99999999999999999999999999999999999999999999999999999999999999999999999999999999999999999999999999999999826e-01 9.79795897113271239278913629882356556786378992262668051373077026900384150982926010615943773241856093927437877e-01
86 5.99999999999999999999999999999999999999999999999999999999999999999999999999999999999999999999999999999999826e-01 -9.79795897113271239278913629882356556786378992262668051373077026900384150982926010615943773241856093927437877e-01
87 6.50000000000000000000000000000000000000000000000000000000000000000000000000000000000000000000000000000000174e-01 9.68245836551854221294816349945599902708230426322897706646893441528370772984244758379821844214668379479075580e-01
88 6.50000000000000000000000000000000000000000000000000000000000000000000000000000000000000000000000000000000174e-01 -9.68245836551854221294816349945599902708230426322897706646893441528370772984244758379821844214668379479075580e-01
89 6.99999999999999999999999999999999999999999999999999999999999999999999999999999999999999999999999999999999651e-01 9.53939201416945649152621586023226540254623425250545753908151852910362552305650721827782176449122069822480525e-01
90 6.99999999999999999999999999999999999999999999999999999999999999999999999999999999999999999999999999999999651e-01 -9.53939201416945649152621586023226540254623425250545753908151852910362552305650721827782176449122069822480525e-01
91 5.49999999999999999999999999999999999999999999999999999999999999999999999999999999999999999999999999999999913e-01 9.98749217771908945789019116402914359893128805832071826889155151533868783531157225637572258027171234426586327e-01
92 5.49999999999999999999999999999999999999999999999999999999999999999999999999999999999999999999999999999999913e-01 -9.98749217771908945789019116402914359893128805832071826889155151533868783531157225637572258027171234426586327e-01
93 5.99999999999999999999999999999999999999999999999999999999999999999999999999999999999999999999999999999999826e-01 9.94987437106619954734479821001206005178126563676806079117604643834945392782713154012653019738487195272103710e-01
94 5.99999999999999999999999999999999999999999999999999999999999999999999999999999999999999999999999999999999826e-01 -9.94987437106619954734479821001206005178126563676806079117604643834945392782713154012653019738487195272103710e-01
95 6.50000000000000000000000000000000000000000000000000000000000000000000000000000000000000000000000000000000174e-01 9.88685996664259425577400114976232776502539114377206615075965613124408378043291985655858333052629750158433119e-01
96 6.50000000000000000000000000000000000000000000000000000000000000000000000000000000000000000000000000000000174e-01 -9.88685996664259425577400114976232776502539114377206615075965613124408378043291985655858333052629750158433119e-01
97 7.00000000000000000000000000000000000000000000000000000000000000000000000000000000000000000000000000000000087e-01 9.79795897113271239278913629882356556786378992262668051373077026900384150982926010615943773241856093927437877e-01
98 7.00000000000000000000000000000000000000000000000000000000000000000000000000000000000000000000000000000000087e-01 -9.79795897113271239278913629882356556786378992262668051373077026900384150982926010615943773241856093927437877e-01
99 7.50000000000000000000000000000000000000000000000000000000000000000000000000000000000000000000000000000000000e-01 9.68245836551854221294816349945599902708230426322897706646893441528370772984244758379821844214668379479075580e-01
100 7.50000000000000000000000000000000000000000000000000000000000000000000000000000000000000000000000000000000000e-01 -9.68245836551854221294816349945599902708230426322897706646893441528370772984244758379821844214668379479075580e-01
101 6.50000000000000000000000000000000000000000000000000000000000000000000000000000000000000000000000000000000174e-01 9.98749217771908945789019116402914359893128805832071826889155151533868783531157225637572258027171234426586327e-01
102 6.50000000000000000000000000000000000000000000000000000000000000000000000000000000000000000000000000000000174e-01 -9.98749217771908945789019116402914359893128805832071826889155151533868783531157225637572258027171234426586327e-01
103 6.99999999999999999999999999999999999999999999999999999999999999999999999999999999999999999999999999999999651e-01 9.94987437106619954734479821001206005178126563676806079117604643834945392782713154012653019738487195272103710e-01
104 6.99999999999999999999999999999999999999999999999999999999999999999999999999999999999999999999999999999999651e-01 -9.94987437106619954734479821001206005178126563676806079117604643834945392782713154012653019738487195272103710e-01
105 7.50000000000000000000000000000000000000000000000000000000000000000000000000000000000000000000000000000000000e-01 9.88685996664259425577400114976232776502539114377206615075965613124408378043291985655858333052629750158433119e-01
106 7.50000000000000000000000000000000000000000000000000000000000000000000000000000000000000000000000000000000000e-01 -9.88685996664259425577400114976232776502539114377206615075965613124408378043291985655858333052629750158433119e-01
107 7.99999999999999999999999999999999999999999999999999999999999999999999999999999999999999999999999999999999913e-01 9.79795897113271239278913629882356556786378992262668051373077026900384150982926010615943773241856093927437877e-01
108 7.99999999999999999999999999999999999999999999999999999999999999999999999999999999999999999999999999999999913e-01 -9.79795897113271239278913629882356556786378992262668051373077026900384150982926010615943773241856093927437877e-01
109 7.50000000000000000000000000000000000000000000000000000000000000000000000000000000000000000000000000000000000e-01 9.98749217771908945789019116402914359893128805832071826889155151533868783531157225637572258027171234426586327e-01
110 7.50000000000000000000000000000000000000000000000000000000000000000000000000000000000000000000000000000000000e-01 -9.98749217771908945789019116402914359893128805832071826889155151533868783531157225637572258027171234426586327e-01
111 8.00000000000000000000000000000000000000000000000000000000000000000000000000000000000000000000000000000000349e-01 9.94987437106619954734479821001206005178126563676806079117604643834945392782713154012653019738487195272103710e-01
112 8.00000000000000000000000000000000000000000000000000000000000000000000000000000000000000000000000000000000349e-01 -9.94987437106619954734479821001206005178126563676806079117604643834945392782713154012653019738487195272103710e-01
113 8.49999999999999999999999999999999999999999999999999999999999999999999999999999999999999999999999999999999826e-01 9.88685996664259425577400114976232776502539114377206615075965613124408378043291985655858333052629750158433119e-01
114 8.49999999999999999999999999999999999999999999999999999999999999999999999999999999999999999999999999999999826e-01 -9.88685996664259425577400114976232776502539114377206615075965613124408378043291985655858333052629750158433119e-01
115 8.49999999999999999999999999999999999999999999999999999999999999999999999999999999999999999999999999999999826e-01 9.98749217771908945789019116402914359893128805832071826889155151533868783531157225637572258027171234426586327e-01
116 8.49999999999999999999999999999999999999999999999999999999999999999999999999999999999999999999999999999999826e-01 -9.98749217771908945789019116402914359893128805832071826889155151533868783531157225637572258027171234426586327e-01
117 9.00000000000000000000000000000000000000000000000000000000000000000000000000000000000000000000000000000000174e-01 9.94987437106619954734479821001206005178126563676806079117604643834945392782713154012653019738487195272103710e-01
118 9.00000000000000000000000000000000000000000000000000000000000000000000000000000000000000000000000000000000174e-01 -9.94987437106619954734479821001206005178126563676806079117604643834945392782713154012653019738487195272103710e-01
119 9.50000000000000000000000000000000000000000000000000000000000000000000000000000000000000000000000000000000087e-01 9.98749217771908945789019116402914359893128805832071826889155151533868783531157225637572258027171234426586327e-01
120 9.50000000000000000000000000000000000000000000000000000000000000000000000000000000000000000000000000000000087e-01 -9.98749217771908945789019116402914359893128805832071826889155151533868783531157225637572258027171234426586327e-01
EDGES
0 10
0 11
0 12
0 13
0 14
0 15
0 16
0 17
0 18
0 19
0 20
0 21
0 22
0 23
0 24
0 25
0 26
0 27
0 28
0 29
0 30
1 11
1 12
1 31
1 32
1 33
1 34
1 35
1 36
1 37
1 38
1 39
1 40
1 41
1 42
1 43
1 44
1 45
1 46
1 47
1 48
2 13
2 14
2 31
2 32
2 49
2 50
2 51
2 52
2 53
2 54
2 55
2 56
2 57
2 58
2 59
2 60
2 61
2 62
2 63
2 64
3 15
3 16
3 33
3 34
3 49
3 50
3 65
3 66
3 67
3 68
3 69
3 70
3 71
3 72
3 73
3 74
3 75
3 76
3 77
3 78
4 17
4 18
4 35
4 36
4 51
4 52
4 65
4 66
4 79
4 80
4 81
4 82
4 83
4 84
4 85
4 86
4 87
4 88
4 89
4 90
5 19
5 20
5 37
5 38
5 53
5 54
5 67
5 68
5 79
5 80
5 91
5 92
5 93
5 94
5 95
5 96
5 97
5 98
5 99
5 100
6 21
6 22
6 39
6 40
6 55
6 56
6 69
6 70
6 81
6 82
6 91
6 92
6 101
6 102
6 103
6 104
6 105
6 106
6 107
6 108
7 23
7 24
7 41
7 42
7 57
7 58
7 71
7 72
7 83
7 84
7 93
7 94
7 101
7 102
7 109
7 110
7 111
7 112
7 113
7 114
8 25
8 26
8 43
8 44
8 59
8 60
8 73
8 74
8 85
8 86
8 95
8 96
8 103
8 104
8 109
8 110
8 115
8 116
8 117
8 118
9 27
9 28
9 45
9 46
9 61
9 62
9 75
9 76
9 87
9 88
9 97
9 98
9 105
9 106
9 111
9 112
9 115
9 116
9 119
9 120
10 29
10 30
10 47
10 48
10 63
10 64
10 77
10 78
10 89
10 90
10 99
10 100
10 107
10 108
10 113
10 114
10 117
10 118
10 119
10 120
DONE