NODES
0 0.00000000000000000000000000000000000000000000000000000000000000000000000000000000000000000000000000000000000e+00 0.00000000000000000000000000000000000000000000000000000000000000000000000000000000000000000000000000000000000e+00
1 9.99999999999999999999999999999999999999999999999999999999999999999999999999999999999999999999999999999999891e-02 0.00000000000000000000000000000000000000000000000000000000000000000000000000000000000000000000000000000000000e+00
2 1.99999999999999999999999999999999999999999999999999999999999999999999999999999999999999999999999999999999978e-01 0.00000000000000000000000000000000000000000000000000000000000000000000000000000000000000000000000000000000000e+00
3 2.99999999999999999999999999999999999999999999999999999999999999999999999999999999999999999999999999999999913e-01 0.00000000000000000000000000000000000000000000000000000000000000000000000000000000000000000000000000000000000e+00
4 3.99999999999999999999999999999999999999999999999999999999999999999999999999999999999999999999999999999999956e-01 0.00000000000000000000000000000000000000000000000000000000000000000000000000000000000000000000000000000000000e+00
5 5.00000000000000000000000000000000000000000000000000000000000000000000000000000000000000000000000000000000000e-01 0.00000000000000000000000000000000000000000000000000000000000000000000000000000000000000000000000000000000000e+00
6 5.99999999999999999999999999999999999999999999999999999999999999999999999999999999999999999999999999999999826e-01 0.00000000000000000000000000000000000000000000000000000000000000000000000000000000000000000000000000000000000e+00
7 7.00000000000000000000000000000000000000000000000000000000000000000000000000000000000000000000000000000000087e-01 0.00000000000000000000000000000000000000000000000000000000000000000000000000000000000000000000000000000000000e+00
8 7.99999999999999999999999999999999999999999999999999999999999999999999999999999999999999999999999999999999913e-01 0.00000000000000000000000000000000000000000000000000000000000000000000000000000000000000000000000000000000000e+00
9 9.00000000000000000000000000000000000000000000000000000000000000000000000000000000000000000000000000000000174e-01 0.00000000000000000000000000000000000000000000000000000000000000000000000000000000000000000000000000000000000e+00
10 1.00000000000000000000000000000000000000000000000000000000000000000000000000000000000000000000000000000000000e+00 0.00000000000000000000000000000000000000000000000000000000000000000000000000000000000000000000000000000000000e+00
EDGES
0 10
DONE