NODES
0 0.00000000000000000000000000000000000000000000000000000000000000000000000000000000000000000000000000000000000e+00 0.00000000000000000000000000000000000000000000000000000000000000000000000000000000000000000000000000000000000e+00
1 0.00000000000000000000000000000000000000000000000000000000000000000000000000000000000000000000000000000000000e+00 1.41421356237309504880168872420969807856967187537694807317667973799073247846210703885038753432764157273501388e+00
2 -7.07106781186547524400844362104849039284835937688474036588339868995366239231053519425193767163820786367506938e-01 7.07106781186547524400844362104849039284835937688474036588339868995366239231053519425193767163820786367506938e-01
3 7.07106781186547524400844362104849039284835937688474036588339868995366239231053519425193767163820786367506938e-01 7.07106781186547524400844362104849039284835937688474036588339868995366239231053519425193767163820786367506938e-01
4 -9.65925826289068286749743199728897367633904839008404550402343076310423213979855516347561741858070451888402251e-01 -2.58819045102520762348898837624048328349068901319930513814003207315056974748801996922367974694249665520895313e-01
5 2.58819045102520762348898837624048328349068901319930513814003207315056974748801996922367974694249665520895313e-01 9.65925826289068286749743199728897367633904839008404550402343076310423213979855516347561741858070451888402251e-01
6 -2.58819045102520762348898837624048328349068901319930513814003207315056974748801996922367974694249665520895313e-01 9.65925826289068286749743199728897367633904839008404550402343076310423213979855516347561741858070451888402251e-01
7 9.65925826289068286749743199728897367633904839008404550402343076310423213979855516347561741858070451888402251e-01 -2.58819045102520762348898837624048328349068901319930513814003207315056974748801996922367974694249665520895313e-01
8 2.58819045102520762348898837624048328349068901319930513814003207315056974748801996922367974694249665520895313e-01 4.48287736084026762051945524480800710935767036368543522774336661680309264482251522502825792469571120846611625e-01
9 -9.65925826289068286749743199728897367633904839008404550402343076310423213979855516347561741858070451888402251e-01 1.67303260747561581115058756183374640691874077669687858699068294530578945321090903577275550902189123825590919e+00
10 9.65925826289068286749743199728897367633904839008404550402343076310423213979855516347561741858070451888402251e-01 1.67303260747561581115058756183374640691874077669687858699068294530578945321090903577275550902189123825590919e+00
11 -2.58819045102520762348898837624048328349068901319930513814003207315056974748801996922367974694249665520895313e-01 4.48287736084026762051945524480800710935767036368543522774336661680309264482251522502825792469571120846611625e-01
12 -2.58819045102520762348898837624048328349068901319930513814003207315056974748801996922367974694249665520895095e-01 -9.65925826289068286749743199728897367633904839008404550402343076310423213979855516347561741858070451888402251e-01
13 9.65925826289068286749743199728897367633904839008404550402343076310423213979855516347561741858070451888402251e-01 2.58819045102520762348898837624048328349068901319930513814003207315056974748801996922367974694249665520895095e-01
14 -9.65925826289068286749743199728897367633904839008404550402343076310423213979855516347561741858070451888402251e-01 2.58819045102520762348898837624048328349068901319930513814003207315056974748801996922367974694249665520895095e-01
15 2.58819045102520762348898837624048328349068901319930513814003207315056974748801996922367974694249665520895095e-01 -9.65925826289068286749743199728897367633904839008404550402343076310423213979855516347561741858070451888402251e-01
16 9.65925826289068286749743199728897367633904839008404550402343076310423213979855516347561741858070451888402251e-01 1.15539451727057428645278988658564975022060297405701755936267653067567550371330504192801955963339190721411856e+00
17 -2.58819045102520762348898837624048328349068901319930513814003207315056974748801996922367974694249665520895095e-01 2.38013938866216333555143192393859544620357671438535262357902281430115569244196255519794927618571202462341700e+00
18 2.58819045102520762348898837624048328349068901319930513814003207315056974748801996922367974694249665520895095e-01 2.38013938866216333555143192393859544620357671438535262357902281430115569244196255519794927618571202462341700e+00
19 -9.65925826289068286749743199728897367633904839008404550402343076310423213979855516347561741858070451888402251e-01 1.15539451727057428645278988658564975022060297405701755936267653067567550371330504192801955963339190721411856e+00
20 -1.67303260747561581115058756183374640691874077669687858699068294530578945321090903577275550902189123825590919e+00 4.48287736084026762051945524480800710935767036368543522774336661680309264482251522502825792469571120846611843e-01
21 -4.48287736084026762051945524480800710935767036368543522774336661680309264482251522502825792469571120846611843e-01 1.67303260747561581115058756183374640691874077669687858699068294530578945321090903577275550902189123825590919e+00
22 -4.48287736084026762051945524480800710935767036368543522774336661680309264482251522502825792469571120846611843e-01 -2.58819045102520762348898837624048328349068901319930513814003207315056974748801996922367974694249665520895313e-01
23 -1.67303260747561581115058756183374640691874077669687858699068294530578945321090903577275550902189123825590919e+00 9.65925826289068286749743199728897367633904839008404550402343076310423213979855516347561741858070451888401379e-01
24 4.48287736084026762051945524480800710935767036368543522774336661680309264482251522502825792469571120846611843e-01 1.67303260747561581115058756183374640691874077669687858699068294530578945321090903577275550902189123825590919e+00
25 1.67303260747561581115058756183374640691874077669687858699068294530578945321090903577275550902189123825590919e+00 4.48287736084026762051945524480800710935767036368543522774336661680309264482251522502825792469571120846611843e-01
26 1.67303260747561581115058756183374640691874077669687858699068294530578945321090903577275550902189123825590919e+00 9.65925826289068286749743199728897367633904839008404550402343076310423213979855516347561741858070451888401379e-01
27 4.48287736084026762051945524480800710935767036368543522774336661680309264482251522502825792469571120846611843e-01 -2.58819045102520762348898837624048328349068901319930513814003207315056974748801996922367974694249665520895313e-01
28 -1.22474487139158904909864203735294569598297374032833506421634628362548018872865751326992971655232011740929756e+00 7.07106781186547524400844362104849039284835937688474036588339868995366239231053519425193767163820786367506938e-01
29 0.00000000000000000000000000000000000000000000000000000000000000000000000000000000000000000000000000000000000e+00 -5.17638090205041524697797675248096656698137802639861027628006414630113949497603993844735949388499331041790625e-01
30 0.00000000000000000000000000000000000000000000000000000000000000000000000000000000000000000000000000000000000e+00 1.93185165257813657349948639945779473526780967801680910080468615262084642795971103269512348371614090377680450e+00
31 1.22474487139158904909864203735294569598297374032833506421634628362548018872865751326992971655232011740929756e+00 7.07106781186547524400844362104849039284835937688474036588339868995366239231053519425193767163820786367506938e-01
32 6.58037006476246230409609450898499527580034295102911088365961329297933397598651066525371575123300965760023838e-01 4.90697747103012939912349112063495117048016425855629482223785396974328416324024528998221920405198206074831000e-02
33 -6.58037006476246230409609450898499527580034295102911088365961329297933397598651066525371575123300965760023838e-01 1.36514378766279375481045381300334856686487023279138512495430119829329963682970458595056534228712175212753078e+00
34 6.58037006476246230409609450898499527580034295102911088365961329297933397598651066525371575123300965760023838e-01 1.36514378766279375481045381300334856686487023279138512495430119829329963682970458595056534228712175212753078e+00
35 -6.58037006476246230409609450898499527580034295102911088365961329297933397598651066525371575123300965760023838e-01 4.90697747103012939912349112063495117048016425855629482223785396974328416324024528998221920405198206074831000e-02
EDGES
0 2
0 3
0 4
0 5
0 6
0 7
0 12
0 13
0 14
0 15
1 2
1 3
1 8
1 9
1 10
1 11
1 16
1 17
1 18
1 19
2 4
2 5
2 8
2 9
2 20
2 21
2 22
2 23
3 6
3 7
3 10
3 11
3 24
3 25
3 26
3 27
4 11
4 12
4 20
4 28
4 29
5 10
5 13
5 21
5 30
5 31
5 32
5 33
6 9
6 14
6 24
6 28
6 30
6 34
6 35
7 8
7 15
7 25
7 29
7 31
8 16
8 22
8 29
8 31
8 34
8 35
9 17
9 23
9 28
9 30
10 18
10 26
10 30
10 31
11 19
11 27
11 28
11 29
11 32
11 33
12 27
13 26
14 23
15 22
16 25
17 24
18 21
19 20
DONE