NODES
0 0.00000000000000000000000000000000000000000000000000000000000000000000000000000000000000000000000000000000000e+00 0.00000000000000000000000000000000000000000000000000000000000000000000000000000000000000000000000000000000000e+00
1 0.00000000000000000000000000000000000000000000000000000000000000000000000000000000000000000000000000000000000e+00 1.41421356237309504880168872420969807856967187537694807317667973799073247846210703885038753432764157273501388e+00
2 -7.07106781186547524400844362104849039284835937688474036588339868995366239231053519425193767163820786367506938e-01 7.07106781186547524400844362104849039284835937688474036588339868995366239231053519425193767163820786367506938e-01
3 7.07106781186547524400844362104849039284835937688474036588339868995366239231053519425193767163820786367506938e-01 7.07106781186547524400844362104849039284835937688474036588339868995366239231053519425193767163820786367506938e-01
4 -9.65925826289068286749743199728897367633904839008404550402343076310423213979855516347561741858070451888402251e-01 -2.58819045102520762348898837624048328349068901319930513814003207315056974748801996922367974694249665520895313e-01
5 2.58819045102520762348898837624048328349068901319930513814003207315056974748801996922367974694249665520895313e-01 9.65925826289068286749743199728897367633904839008404550402343076310423213979855516347561741858070451888402251e-01
6 -2.58819045102520762348898837624048328349068901319930513814003207315056974748801996922367974694249665520895313e-01 9.65925826289068286749743199728897367633904839008404550402343076310423213979855516347561741858070451888402251e-01
7 9.65925826289068286749743199728897367633904839008404550402343076310423213979855516347561741858070451888402251e-01 -2.58819045102520762348898837624048328349068901319930513814003207315056974748801996922367974694249665520895313e-01
8 2.58819045102520762348898837624048328349068901319930513814003207315056974748801996922367974694249665520895313e-01 4.48287736084026762051945524480800710935767036368543522774336661680309264482251522502825792469571120846611625e-01
9 -9.65925826289068286749743199728897367633904839008404550402343076310423213979855516347561741858070451888402251e-01 1.67303260747561581115058756183374640691874077669687858699068294530578945321090903577275550902189123825590919e+00
10 9.65925826289068286749743199728897367633904839008404550402343076310423213979855516347561741858070451888402251e-01 1.67303260747561581115058756183374640691874077669687858699068294530578945321090903577275550902189123825590919e+00
11 -2.58819045102520762348898837624048328349068901319930513814003207315056974748801996922367974694249665520895313e-01 4.48287736084026762051945524480800710935767036368543522774336661680309264482251522502825792469571120846611625e-01
12 -1.22474487139158904909864203735294569598297374032833506421634628362548018872865751326992971655232011740929756e+00 7.07106781186547524400844362104849039284835937688474036588339868995366239231053519425193767163820786367506938e-01
13 0.00000000000000000000000000000000000000000000000000000000000000000000000000000000000000000000000000000000000e+00 -5.17638090205041524697797675248096656698137802639861027628006414630113949497603993844735949388499331041790625e-01
14 0.00000000000000000000000000000000000000000000000000000000000000000000000000000000000000000000000000000000000e+00 1.93185165257813657349948639945779473526780967801680910080468615262084642795971103269512348371614090377680450e+00
15 1.22474487139158904909864203735294569598297374032833506421634628362548018872865751326992971655232011740929756e+00 7.07106781186547524400844362104849039284835937688474036588339868995366239231053519425193767163820786367506938e-01
16 -2.58819045102520762348898837624048328349068901319930513814003207315056974748801996922367974694249665520895095e-01 -9.65925826289068286749743199728897367633904839008404550402343076310423213979855516347561741858070451888402251e-01
17 9.65925826289068286749743199728897367633904839008404550402343076310423213979855516347561741858070451888402251e-01 2.58819045102520762348898837624048328349068901319930513814003207315056974748801996922367974694249665520895095e-01
18 -9.65925826289068286749743199728897367633904839008404550402343076310423213979855516347561741858070451888402251e-01 2.58819045102520762348898837624048328349068901319930513814003207315056974748801996922367974694249665520895095e-01
19 2.58819045102520762348898837624048328349068901319930513814003207315056974748801996922367974694249665520895095e-01 -9.65925826289068286749743199728897367633904839008404550402343076310423213979855516347561741858070451888402251e-01
20 9.65925826289068286749743199728897367633904839008404550402343076310423213979855516347561741858070451888402251e-01 1.15539451727057428645278988658564975022060297405701755936267653067567550371330504192801955963339190721411856e+00
21 -2.58819045102520762348898837624048328349068901319930513814003207315056974748801996922367974694249665520895095e-01 2.38013938866216333555143192393859544620357671438535262357902281430115569244196255519794927618571202462341700e+00
22 2.58819045102520762348898837624048328349068901319930513814003207315056974748801996922367974694249665520895095e-01 2.38013938866216333555143192393859544620357671438535262357902281430115569244196255519794927618571202462341700e+00
23 -9.65925826289068286749743199728897367633904839008404550402343076310423213979855516347561741858070451888402251e-01 1.15539451727057428645278988658564975022060297405701755936267653067567550371330504192801955963339190721411856e+00
24 -1.67303260747561581115058756183374640691874077669687858699068294530578945321090903577275550902189123825590919e+00 4.48287736084026762051945524480800710935767036368543522774336661680309264482251522502825792469571120846611843e-01
25 -4.48287736084026762051945524480800710935767036368543522774336661680309264482251522502825792469571120846611843e-01 1.67303260747561581115058756183374640691874077669687858699068294530578945321090903577275550902189123825590919e+00
26 -4.48287736084026762051945524480800710935767036368543522774336661680309264482251522502825792469571120846611843e-01 -2.58819045102520762348898837624048328349068901319930513814003207315056974748801996922367974694249665520895313e-01
27 -1.67303260747561581115058756183374640691874077669687858699068294530578945321090903577275550902189123825590919e+00 9.65925826289068286749743199728897367633904839008404550402343076310423213979855516347561741858070451888401379e-01
28 4.48287736084026762051945524480800710935767036368543522774336661680309264482251522502825792469571120846611843e-01 1.67303260747561581115058756183374640691874077669687858699068294530578945321090903577275550902189123825590919e+00
29 1.67303260747561581115058756183374640691874077669687858699068294530578945321090903577275550902189123825590919e+00 4.48287736084026762051945524480800710935767036368543522774336661680309264482251522502825792469571120846611843e-01
30 1.67303260747561581115058756183374640691874077669687858699068294530578945321090903577275550902189123825590919e+00 9.65925826289068286749743199728897367633904839008404550402343076310423213979855516347561741858070451888401379e-01
31 4.48287736084026762051945524480800710935767036368543522774336661680309264482251522502825792469571120846611843e-01 -2.58819045102520762348898837624048328349068901319930513814003207315056974748801996922367974694249665520895313e-01
32 -1.93185165257813657349948639945779473526780967801680910080468615262084642795971103269512348371614090377680450e+00 -2.18007543808417316859394750271862213030225752796706897967362564702536132031772269377793888446840673379742251e-106
33 -7.07106781186547524400844362104849039284835937688474036588339868995366239231053519425193767163820786367506938e-01 -1.22474487139158904909864203735294569598297374032833506421634628362548018872865751326992971655232011740929756e+00
34 -7.07106781186547524400844362104849039284835937688474036588339868995366239231053519425193767163820786367506938e-01 1.22474487139158904909864203735294569598297374032833506421634628362548018872865751326992971655232011740929756e+00
35 5.17638090205041524697797675248096656698137802639861027628006414630113949497603993844735949388499331041790625e-01 0.00000000000000000000000000000000000000000000000000000000000000000000000000000000000000000000000000000000000e+00
36 -5.17638090205041524697797675248096656698137802639861027628006414630113949497603993844735949388499331041790625e-01 0.00000000000000000000000000000000000000000000000000000000000000000000000000000000000000000000000000000000000e+00
37 7.07106781186547524400844362104849039284835937688474036588339868995366239231053519425193767163820786367506938e-01 1.22474487139158904909864203735294569598297374032833506421634628362548018872865751326992971655232011740929756e+00
38 7.07106781186547524400844362104849039284835937688474036588339868995366239231053519425193767163820786367506938e-01 -1.22474487139158904909864203735294569598297374032833506421634628362548018872865751326992971655232011740929756e+00
39 1.93185165257813657349948639945779473526780967801680910080468615262084642795971103269512348371614090377680450e+00 -2.18007543808417316859394750271862213030225752796706897967362564702536132031772269377793888446840673379742251e-106
40 -7.07106781186547524400844362104849039284835937688474036588339868995366239231053519425193767163820786367506938e-01 1.89468690981505999703046686856752382586698135048613008960333454365252289733449525580457817775321455325716531e-01
41 5.17638090205041524697797675248096656698137802639861027628006414630113949497603993844735949388499331041790625e-01 1.41421356237309504880168872420969807856967187537694807317667973799073247846210703885038753432764157273501388e+00
42 -1.93185165257813657349948639945779473526780967801680910080468615262084642795971103269512348371614090377680450e+00 1.41421356237309504880168872420969807856967187537694807317667973799073247846210703885038753432764157273501388e+00
43 -7.07106781186547524400844362104849039284835937688474036588339868995366239231053519425193767163820786367506938e-01 2.63895843376468409790033076156264377455264561570528313739302602161621266719076455212031725087996169014431144e+00
44 7.07106781186547524400844362104849039284835937688474036588339868995366239231053519425193767163820786367506938e-01 2.63895843376468409790033076156264377455264561570528313739302602161621266719076455212031725087996169014431144e+00
45 1.93185165257813657349948639945779473526780967801680910080468615262084642795971103269512348371614090377680450e+00 1.41421356237309504880168872420969807856967187537694807317667973799073247846210703885038753432764157273501388e+00
46 -5.17638090205041524697797675248096656698137802639861027628006414630113949497603993844735949388499331041790625e-01 1.41421356237309504880168872420969807856967187537694807317667973799073247846210703885038753432764157273501388e+00
47 7.07106781186547524400844362104849039284835937688474036588339868995366239231053519425193767163820786367506938e-01 1.89468690981505999703046686856752382586698135048613008960333454365252289733449525580457817775321455325716531e-01
EDGES
0 2
0 3
0 4
0 5
0 6
0 7
0 16
0 17
0 18
0 19
1 2
1 3
1 8
1 9
1 10
1 11
1 20
1 21
1 22
1 23
2 4
2 5
2 8
2 9
2 24
2 25
2 26
2 27
3 6
3 7
3 10
3 11
3 28
3 29
3 30
3 31
4 11
4 12
4 13
4 16
4 24
4 32
4 33
5 10
5 14
5 15
5 17
5 25
5 34
5 35
6 9
6 12
6 14
6 18
6 28
6 36
6 37
7 8
7 13
7 15
7 19
7 29
7 38
7 39
8 13
8 15
8 20
8 26
8 40
8 41
9 12
9 14
9 21
9 27
9 42
9 43
10 14
10 15
10 22
10 30
10 44
10 45
11 12
11 13
11 23
11 31
11 46
11 47
12 32
12 36
12 42
12 46
13 33
13 38
13 40
13 47
14 34
14 37
14 43
14 44
15 35
15 39
15 41
15 45
16 31
16 36
16 38
17 30
17 37
17 39
18 27
18 32
18 34
19 26
19 33
19 35
20 29
20 45
20 47
21 28
21 44
21 46
22 25
22 41
22 43
23 24
23 40
23 42
24 40
24 42
25 41
25 43
26 33
26 35
27 32
27 34
28 44
28 46
29 45
29 47
30 37
30 39
31 36
31 38
DONE