NODES
0 0.00000000000000000000000000000000000000000000000000000000000000000000000000000000000000000000000000000000000e+00 0.00000000000000000000000000000000000000000000000000000000000000000000000000000000000000000000000000000000000e+00
1 0.00000000000000000000000000000000000000000000000000000000000000000000000000000000000000000000000000000000000e+00 1.41421356237309504880168872420969807856967187537694807317667973799073247846210703885038753432764157273501388e+00
2 -7.07106781186547524400844362104849039284835937688474036588339868995366239231053519425193767163820786367506938e-01 7.07106781186547524400844362104849039284835937688474036588339868995366239231053519425193767163820786367506938e-01
3 7.07106781186547524400844362104849039284835937688474036588339868995366239231053519425193767163820786367506938e-01 7.07106781186547524400844362104849039284835937688474036588339868995366239231053519425193767163820786367506938e-01
4 -9.65925826289068286749743199728897367633904839008404550402343076310423213979855516347561741858070451888402251e-01 -2.58819045102520762348898837624048328349068901319930513814003207315056974748801996922367974694249665520895313e-01
5 2.58819045102520762348898837624048328349068901319930513814003207315056974748801996922367974694249665520895313e-01 9.65925826289068286749743199728897367633904839008404550402343076310423213979855516347561741858070451888402251e-01
6 -2.58819045102520762348898837624048328349068901319930513814003207315056974748801996922367974694249665520895313e-01 9.65925826289068286749743199728897367633904839008404550402343076310423213979855516347561741858070451888402251e-01
7 9.65925826289068286749743199728897367633904839008404550402343076310423213979855516347561741858070451888402251e-01 -2.58819045102520762348898837624048328349068901319930513814003207315056974748801996922367974694249665520895313e-01
8 2.58819045102520762348898837624048328349068901319930513814003207315056974748801996922367974694249665520895313e-01 4.48287736084026762051945524480800710935767036368543522774336661680309264482251522502825792469571120846611625e-01
9 -9.65925826289068286749743199728897367633904839008404550402343076310423213979855516347561741858070451888402251e-01 1.67303260747561581115058756183374640691874077669687858699068294530578945321090903577275550902189123825590919e+00
10 9.65925826289068286749743199728897367633904839008404550402343076310423213979855516347561741858070451888402251e-01 1.67303260747561581115058756183374640691874077669687858699068294530578945321090903577275550902189123825590919e+00
11 -2.58819045102520762348898837624048328349068901319930513814003207315056974748801996922367974694249665520895313e-01 4.48287736084026762051945524480800710935767036368543522774336661680309264482251522502825792469571120846611625e-01
EDGES
0 2
0 3
0 4
0 5
0 6
0 7
1 2
1 3
1 8
1 9
1 10
1 11
2 4
2 5
2 8
2 9
3 6
3 7
3 10
3 11
4 11
5 10
6 9
7 8
DONE