NODES
0 0.00000000000000000000000000000000000000000000000000000000000000000000000000000000000000000000000000000000000e+00 0.00000000000000000000000000000000000000000000000000000000000000000000000000000000000000000000000000000000000e+00
1 0.00000000000000000000000000000000000000000000000000000000000000000000000000000000000000000000000000000000000e+00 1.41421356237309504880168872420969807856967187537694807317667973799073247846210703885038753432764157273501388e+00
2 -7.07106781186547524400844362104849039284835937688474036588339868995366239231053519425193767163820786367506938e-01 7.07106781186547524400844362104849039284835937688474036588339868995366239231053519425193767163820786367506938e-01
3 7.07106781186547524400844362104849039284835937688474036588339868995366239231053519425193767163820786367506938e-01 7.07106781186547524400844362104849039284835937688474036588339868995366239231053519425193767163820786367506938e-01
4 -9.65925826289068286749743199728897367633904839008404550402343076310423213979855516347561741858070451888402251e-01 -2.58819045102520762348898837624048328349068901319930513814003207315056974748801996922367974694249665520895313e-01
5 2.58819045102520762348898837624048328349068901319930513814003207315056974748801996922367974694249665520895313e-01 9.65925826289068286749743199728897367633904839008404550402343076310423213979855516347561741858070451888402251e-01
6 -2.58819045102520762348898837624048328349068901319930513814003207315056974748801996922367974694249665520895313e-01 9.65925826289068286749743199728897367633904839008404550402343076310423213979855516347561741858070451888402251e-01
7 9.65925826289068286749743199728897367633904839008404550402343076310423213979855516347561741858070451888402251e-01 -2.58819045102520762348898837624048328349068901319930513814003207315056974748801996922367974694249665520895313e-01
8 2.58819045102520762348898837624048328349068901319930513814003207315056974748801996922367974694249665520895313e-01 4.48287736084026762051945524480800710935767036368543522774336661680309264482251522502825792469571120846611625e-01
9 -9.65925826289068286749743199728897367633904839008404550402343076310423213979855516347561741858070451888402251e-01 1.67303260747561581115058756183374640691874077669687858699068294530578945321090903577275550902189123825590919e+00
10 9.65925826289068286749743199728897367633904839008404550402343076310423213979855516347561741858070451888402251e-01 1.67303260747561581115058756183374640691874077669687858699068294530578945321090903577275550902189123825590919e+00
11 -2.58819045102520762348898837624048328349068901319930513814003207315056974748801996922367974694249665520895313e-01 4.48287736084026762051945524480800710935767036368543522774336661680309264482251522502825792469571120846611625e-01
12 -1.22474487139158904909864203735294569598297374032833506421634628362548018872865751326992971655232011740929756e+00 7.07106781186547524400844362104849039284835937688474036588339868995366239231053519425193767163820786367506938e-01
13 0.00000000000000000000000000000000000000000000000000000000000000000000000000000000000000000000000000000000000e+00 -5.17638090205041524697797675248096656698137802639861027628006414630113949497603993844735949388499331041790625e-01
14 0.00000000000000000000000000000000000000000000000000000000000000000000000000000000000000000000000000000000000e+00 1.93185165257813657349948639945779473526780967801680910080468615262084642795971103269512348371614090377680450e+00
15 1.22474487139158904909864203735294569598297374032833506421634628362548018872865751326992971655232011740929756e+00 7.07106781186547524400844362104849039284835937688474036588339868995366239231053519425193767163820786367506938e-01
16 -2.58819045102520762348898837624048328349068901319930513814003207315056974748801996922367974694249665520895095e-01 -9.65925826289068286749743199728897367633904839008404550402343076310423213979855516347561741858070451888402251e-01
17 9.65925826289068286749743199728897367633904839008404550402343076310423213979855516347561741858070451888402251e-01 2.58819045102520762348898837624048328349068901319930513814003207315056974748801996922367974694249665520895095e-01
18 -9.65925826289068286749743199728897367633904839008404550402343076310423213979855516347561741858070451888402251e-01 2.58819045102520762348898837624048328349068901319930513814003207315056974748801996922367974694249665520895095e-01
19 2.58819045102520762348898837624048328349068901319930513814003207315056974748801996922367974694249665520895095e-01 -9.65925826289068286749743199728897367633904839008404550402343076310423213979855516347561741858070451888402251e-01
20 9.65925826289068286749743199728897367633904839008404550402343076310423213979855516347561741858070451888402251e-01 1.15539451727057428645278988658564975022060297405701755936267653067567550371330504192801955963339190721411856e+00
21 -2.58819045102520762348898837624048328349068901319930513814003207315056974748801996922367974694249665520895095e-01 2.38013938866216333555143192393859544620357671438535262357902281430115569244196255519794927618571202462341700e+00
22 2.58819045102520762348898837624048328349068901319930513814003207315056974748801996922367974694249665520895095e-01 2.38013938866216333555143192393859544620357671438535262357902281430115569244196255519794927618571202462341700e+00
23 -9.65925826289068286749743199728897367633904839008404550402343076310423213979855516347561741858070451888402251e-01 1.15539451727057428645278988658564975022060297405701755936267653067567550371330504192801955963339190721411856e+00
24 -1.67303260747561581115058756183374640691874077669687858699068294530578945321090903577275550902189123825590919e+00 4.48287736084026762051945524480800710935767036368543522774336661680309264482251522502825792469571120846611843e-01
25 -4.48287736084026762051945524480800710935767036368543522774336661680309264482251522502825792469571120846611843e-01 1.67303260747561581115058756183374640691874077669687858699068294530578945321090903577275550902189123825590919e+00
26 -4.48287736084026762051945524480800710935767036368543522774336661680309264482251522502825792469571120846611843e-01 -2.58819045102520762348898837624048328349068901319930513814003207315056974748801996922367974694249665520895313e-01
27 -1.67303260747561581115058756183374640691874077669687858699068294530578945321090903577275550902189123825590919e+00 9.65925826289068286749743199728897367633904839008404550402343076310423213979855516347561741858070451888401379e-01
28 4.48287736084026762051945524480800710935767036368543522774336661680309264482251522502825792469571120846611843e-01 1.67303260747561581115058756183374640691874077669687858699068294530578945321090903577275550902189123825590919e+00
29 1.67303260747561581115058756183374640691874077669687858699068294530578945321090903577275550902189123825590919e+00 4.48287736084026762051945524480800710935767036368543522774336661680309264482251522502825792469571120846611843e-01
30 1.67303260747561581115058756183374640691874077669687858699068294530578945321090903577275550902189123825590919e+00 9.65925826289068286749743199728897367633904839008404550402343076310423213979855516347561741858070451888401379e-01
31 4.48287736084026762051945524480800710935767036368543522774336661680309264482251522502825792469571120846611843e-01 -2.58819045102520762348898837624048328349068901319930513814003207315056974748801996922367974694249665520895313e-01
32 -1.93185165257813657349948639945779473526780967801680910080468615262084642795971103269512348371614090377680450e+00 -2.18007543808417316859394750271862213030225752796706897967362564702536132031772269377793888446840673379742251e-106
33 -7.07106781186547524400844362104849039284835937688474036588339868995366239231053519425193767163820786367506938e-01 -1.22474487139158904909864203735294569598297374032833506421634628362548018872865751326992971655232011740929756e+00
34 6.58037006476246230409609450898499527580034295102911088365961329297933397598651066525371575123300965760023838e-01 4.90697747103012939912349112063495117048016425855629482223785396974328416324024528998221920405198206074831000e-02
35 -6.58037006476246230409609450898499527580034295102911088365961329297933397598651066525371575123300965760023838e-01 1.36514378766279375481045381300334856686487023279138512495430119829329963682970458595056534228712175212753078e+00
36 -3.69871433031079716902537945660713323293912117489856026794370083277463821398924912807930825350464877695046404e-01 1.88270193824321833628876520713318622323477936305046966027905649982227374072089753998187500377073367485931072e-01
37 -5.96054393257988569847205254068184044339992721518548523607972993032959392580930603539630916507605574193355847e-01 1.48476241365129397752171104112042778459526284039183162096277729532356207913881928177456800864481787076997812e+00
38 7.77655632464746453120866679015578745310426902703357584374437426328195839907765762349374241480997084402471179e-01 1.11052387928558954553639108036664994944843216169925512980366875962406846650122915885562850656215212174150982e-01
39 -5.18836587362225690771967841391530416961358001383427070560434219013138865158963765427006266786747418881575866e-01 3.37235348155467807498306416444135715990923820198618009793969785717902417832128606617262941813355908672460535e-01
40 -7.07106781186547524400844362104849039284835937688474036588339868995366239231053519425193767163820786367506938e-01 1.22474487139158904909864203735294569598297374032833506421634628362548018872865751326992971655232011740929756e+00
41 5.17638090205041524697797675248096656698137802639861027628006414630113949497603993844735949388499331041790625e-01 0.00000000000000000000000000000000000000000000000000000000000000000000000000000000000000000000000000000000000e+00
42 6.58037006476246230409609450898499527580034295102911088365961329297933397598651066525371575123300965760023838e-01 1.36514378766279375481045381300334856686487023279138512495430119829329963682970458595056534228712175212753078e+00
43 -6.58037006476246230409609450898499527580034295102911088365961329297933397598651066525371575123300965760023838e-01 4.90697747103012939912349112063495117048016425855629482223785396974328416324024528998221920405198206074831000e-02
44 -5.17638090205041524697797675248096656698137802639861027628006414630113949497603993844735949388499331041790625e-01 0.00000000000000000000000000000000000000000000000000000000000000000000000000000000000000000000000000000000000e+00
45 5.18836587362225690771967841391530416961358001383427070560434219013138865158963765427006266786747418881575866e-01 3.37235348155467807498306416444135715990923820198618009793969785717902417832128606617262941813355908672460535e-01
46 -7.77655632464746453120866679015578745310426902703357584374437426328195839907765762349374241480997084402471179e-01 1.11052387928558954553639108036664994944843216169925512980366875962406846650122915885562850656215212174150982e-01
47 7.07106781186547524400844362104849039284835937688474036588339868995366239231053519425193767163820786367506938e-01 1.22474487139158904909864203735294569598297374032833506421634628362548018872865751326992971655232011740929756e+00
48 5.96054393257988569847205254068184044339992721518548523607972993032959392580930603539630916507605574193355847e-01 1.48476241365129397752171104112042778459526284039183162096277729532356207913881928177456800864481787076997812e+00
49 3.69871433031079716902537945660713323293912117489856026794370083277463821398924912807930825350464877695046404e-01 1.88270193824321833628876520713318622323477936305046966027905649982227374072089753998187500377073367485931072e-01
50 7.07106781186547524400844362104849039284835937688474036588339868995366239231053519425193767163820786367506938e-01 -1.22474487139158904909864203735294569598297374032833506421634628362548018872865751326992971655232011740929756e+00
51 1.93185165257813657349948639945779473526780967801680910080468615262084642795971103269512348371614090377680450e+00 -2.18007543808417316859394750271862213030225752796706897967362564702536132031772269377793888446840673379742251e-106
52 -5.96054393257988569847205254068184044339992721518548523607972993032959392580930603539630916507605574193355847e-01 -7.05488512781989287200223169107297060255909650148835477860975573328296006767122429241804743171762980349642408e-02
53 -3.69871433031079716902537945660713323293912117489856026794370083277463821398924912807930825350464877695046404e-01 1.22594336854877321517281220349637945624619393907190110714877408800850510439001728485220003395056820524908280e+00
54 -7.07106781186547524400844362104849039284835937688474036588339868995366239231053519425193767163820786367506938e-01 1.89468690981505999703046686856752382586698135048613008960333454365252289733449525580457817775321455325716531e-01
55 -5.18836587362225690771967841391530416961358001383427070560434219013138865158963765427006266786747418881575866e-01 1.07697821421762724130338230776556236257874805517833006338270995227283006062997843223312459251428566406255247e+00
56 7.77655632464746453120866679015578745310426902703357584374437426328195839907765762349374241480997084402471179e-01 1.30316117444453609424804961617303308362482865920702256019631286202832563181198412296482468367142636056086279e+00
57 5.17638090205041524697797675248096656698137802639861027628006414630113949497603993844735949388499331041790625e-01 1.41421356237309504880168872420969807856967187537694807317667973799073247846210703885038753432764157273501388e+00
58 -1.93185165257813657349948639945779473526780967801680910080468615262084642795971103269512348371614090377680450e+00 1.41421356237309504880168872420969807856967187537694807317667973799073247846210703885038753432764157273501388e+00
59 -7.07106781186547524400844362104849039284835937688474036588339868995366239231053519425193767163820786367506938e-01 2.63895843376468409790033076156264377455264561570528313739302602161621266719076455212031725087996169014431144e+00
60 7.07106781186547524400844362104849039284835937688474036588339868995366239231053519425193767163820786367506938e-01 2.63895843376468409790033076156264377455264561570528313739302602161621266719076455212031725087996169014431144e+00
61 1.93185165257813657349948639945779473526780967801680910080468615262084642795971103269512348371614090377680450e+00 1.41421356237309504880168872420969807856967187537694807317667973799073247846210703885038753432764157273501388e+00
62 -5.17638090205041524697797675248096656698137802639861027628006414630113949497603993844735949388499331041790625e-01 1.41421356237309504880168872420969807856967187537694807317667973799073247846210703885038753432764157273501388e+00
63 7.07106781186547524400844362104849039284835937688474036588339868995366239231053519425193767163820786367506938e-01 1.89468690981505999703046686856752382586698135048613008960333454365252289733449525580457817775321455325716531e-01
64 -7.77655632464746453120866679015578745310426902703357584374437426328195839907765762349374241480997084402471179e-01 1.30316117444453609424804961617303308362482865920702256019631286202832563181198412296482468367142636056086279e+00
65 5.18836587362225690771967841391530416961358001383427070560434219013138865158963765427006266786747418881575866e-01 1.07697821421762724130338230776556236257874805517833006338270995227283006062997843223312459251428566406255247e+00
66 3.69871433031079716902537945660713323293912117489856026794370083277463821398924912807930825350464877695046404e-01 1.22594336854877321517281220349637945624619393907190110714877408800850510439001728485220003395056820524908280e+00
67 5.96054393257988569847205254068184044339992721518548523607972993032959392580930603539630916507605574193355847e-01 -7.05488512781989287200223169107297060255909650148835477860975573328296006767122429241804743171762980349642408e-02
EDGES
0 2
0 3
0 4
0 5
0 6
0 7
0 16
0 17
0 18
0 19
1 2
1 3
1 8
1 9
1 10
1 11
1 20
1 21
1 22
1 23
2 4
2 5
2 8
2 9
2 24
2 25
2 26
2 27
3 6
3 7
3 10
3 11
3 28
3 29
3 30
3 31
4 11
4 12
4 13
4 16
4 24
4 32
4 33
5 10
5 14
5 15
5 17
5 25
5 34
5 35
5 36
5 37
5 38
5 39
5 40
5 41
6 9
6 12
6 14
6 18
6 28
6 42
6 43
6 44
6 45
6 46
6 47
6 48
6 49
7 8
7 13
7 15
7 19
7 29
7 50
7 51
8 13
8 15
8 20
8 26
8 42
8 43
8 52
8 53
8 54
8 55
8 56
8 57
9 12
9 14
9 21
9 27
9 58
9 59
10 14
10 15
10 22
10 30
10 60
10 61
11 12
11 13
11 23
11 31
11 34
11 35
11 62
11 63
11 64
11 65
11 66
11 67
12 32
12 36
12 37
12 44
12 52
12 53
12 58
12 62
13 33
13 38
13 39
13 45
13 46
13 50
13 54
13 63
14 40
14 47
14 55
14 56
14 59
14 60
14 64
14 65
15 41
15 48
15 49
15 51
15 57
15 61
15 66
15 67
16 31
16 44
16 50
17 30
17 47
17 51
18 27
18 32
18 40
19 26
19 33
19 41
20 29
20 61
20 63
21 28
21 60
21 62
22 25
22 57
22 59
23 24
23 54
23 58
24 54
24 58
25 57
25 59
26 33
26 41
27 32
27 40
28 60
28 62
29 61
29 63
30 47
30 51
31 44
31 50
36 67
37 66
38 65
39 64
45 56
46 55
48 53
49 52
DONE