NODES
0 0.00000000000000000000000000000000000000000000000000000000000000000000000000000000000000000000000000000000000e+00 0.00000000000000000000000000000000000000000000000000000000000000000000000000000000000000000000000000000000000e+00
1 0.00000000000000000000000000000000000000000000000000000000000000000000000000000000000000000000000000000000000e+00 1.41421356237309504880168872420969807856967187537694807317667973799073247846210703885038753432764157273501388e+00
2 -7.07106781186547524400844362104849039284835937688474036588339868995366239231053519425193767163820786367506938e-01 7.07106781186547524400844362104849039284835937688474036588339868995366239231053519425193767163820786367506938e-01
3 7.07106781186547524400844362104849039284835937688474036588339868995366239231053519425193767163820786367506938e-01 7.07106781186547524400844362104849039284835937688474036588339868995366239231053519425193767163820786367506938e-01
4 -9.65925826289068286749743199728897367633904839008404550402343076310423213979855516347561741858070451888402251e-01 -2.58819045102520762348898837624048328349068901319930513814003207315056974748801996922367974694249665520895313e-01
5 2.58819045102520762348898837624048328349068901319930513814003207315056974748801996922367974694249665520895313e-01 9.65925826289068286749743199728897367633904839008404550402343076310423213979855516347561741858070451888402251e-01
6 -2.58819045102520762348898837624048328349068901319930513814003207315056974748801996922367974694249665520895313e-01 9.65925826289068286749743199728897367633904839008404550402343076310423213979855516347561741858070451888402251e-01
7 9.65925826289068286749743199728897367633904839008404550402343076310423213979855516347561741858070451888402251e-01 -2.58819045102520762348898837624048328349068901319930513814003207315056974748801996922367974694249665520895313e-01
8 2.58819045102520762348898837624048328349068901319930513814003207315056974748801996922367974694249665520895313e-01 4.48287736084026762051945524480800710935767036368543522774336661680309264482251522502825792469571120846611625e-01
9 -9.65925826289068286749743199728897367633904839008404550402343076310423213979855516347561741858070451888402251e-01 1.67303260747561581115058756183374640691874077669687858699068294530578945321090903577275550902189123825590919e+00
10 9.65925826289068286749743199728897367633904839008404550402343076310423213979855516347561741858070451888402251e-01 1.67303260747561581115058756183374640691874077669687858699068294530578945321090903577275550902189123825590919e+00
11 -2.58819045102520762348898837624048328349068901319930513814003207315056974748801996922367974694249665520895313e-01 4.48287736084026762051945524480800710935767036368543522774336661680309264482251522502825792469571120846611625e-01
12 -1.22474487139158904909864203735294569598297374032833506421634628362548018872865751326992971655232011740929756e+00 7.07106781186547524400844362104849039284835937688474036588339868995366239231053519425193767163820786367506938e-01
13 0.00000000000000000000000000000000000000000000000000000000000000000000000000000000000000000000000000000000000e+00 -5.17638090205041524697797675248096656698137802639861027628006414630113949497603993844735949388499331041790625e-01
14 0.00000000000000000000000000000000000000000000000000000000000000000000000000000000000000000000000000000000000e+00 1.93185165257813657349948639945779473526780967801680910080468615262084642795971103269512348371614090377680450e+00
15 1.22474487139158904909864203735294569598297374032833506421634628362548018872865751326992971655232011740929756e+00 7.07106781186547524400844362104849039284835937688474036588339868995366239231053519425193767163820786367506938e-01
16 -2.58819045102520762348898837624048328349068901319930513814003207315056974748801996922367974694249665520895095e-01 -9.65925826289068286749743199728897367633904839008404550402343076310423213979855516347561741858070451888402251e-01
17 9.65925826289068286749743199728897367633904839008404550402343076310423213979855516347561741858070451888402251e-01 2.58819045102520762348898837624048328349068901319930513814003207315056974748801996922367974694249665520895095e-01
18 -9.65925826289068286749743199728897367633904839008404550402343076310423213979855516347561741858070451888402251e-01 2.58819045102520762348898837624048328349068901319930513814003207315056974748801996922367974694249665520895095e-01
19 2.58819045102520762348898837624048328349068901319930513814003207315056974748801996922367974694249665520895095e-01 -9.65925826289068286749743199728897367633904839008404550402343076310423213979855516347561741858070451888402251e-01
20 9.65925826289068286749743199728897367633904839008404550402343076310423213979855516347561741858070451888402251e-01 1.15539451727057428645278988658564975022060297405701755936267653067567550371330504192801955963339190721411856e+00
21 -2.58819045102520762348898837624048328349068901319930513814003207315056974748801996922367974694249665520895095e-01 2.38013938866216333555143192393859544620357671438535262357902281430115569244196255519794927618571202462341700e+00
22 2.58819045102520762348898837624048328349068901319930513814003207315056974748801996922367974694249665520895095e-01 2.38013938866216333555143192393859544620357671438535262357902281430115569244196255519794927618571202462341700e+00
23 -9.65925826289068286749743199728897367633904839008404550402343076310423213979855516347561741858070451888402251e-01 1.15539451727057428645278988658564975022060297405701755936267653067567550371330504192801955963339190721411856e+00
24 -1.67303260747561581115058756183374640691874077669687858699068294530578945321090903577275550902189123825590919e+00 4.48287736084026762051945524480800710935767036368543522774336661680309264482251522502825792469571120846611843e-01
25 -4.48287736084026762051945524480800710935767036368543522774336661680309264482251522502825792469571120846611843e-01 1.67303260747561581115058756183374640691874077669687858699068294530578945321090903577275550902189123825590919e+00
26 -4.48287736084026762051945524480800710935767036368543522774336661680309264482251522502825792469571120846611843e-01 -2.58819045102520762348898837624048328349068901319930513814003207315056974748801996922367974694249665520895313e-01
27 -1.67303260747561581115058756183374640691874077669687858699068294530578945321090903577275550902189123825590919e+00 9.65925826289068286749743199728897367633904839008404550402343076310423213979855516347561741858070451888401379e-01
28 4.48287736084026762051945524480800710935767036368543522774336661680309264482251522502825792469571120846611843e-01 1.67303260747561581115058756183374640691874077669687858699068294530578945321090903577275550902189123825590919e+00
29 1.67303260747561581115058756183374640691874077669687858699068294530578945321090903577275550902189123825590919e+00 4.48287736084026762051945524480800710935767036368543522774336661680309264482251522502825792469571120846611843e-01
30 1.67303260747561581115058756183374640691874077669687858699068294530578945321090903577275550902189123825590919e+00 9.65925826289068286749743199728897367633904839008404550402343076310423213979855516347561741858070451888401379e-01
31 4.48287736084026762051945524480800710935767036368543522774336661680309264482251522502825792469571120846611843e-01 -2.58819045102520762348898837624048328349068901319930513814003207315056974748801996922367974694249665520895313e-01
32 -1.93185165257813657349948639945779473526780967801680910080468615262084642795971103269512348371614090377680450e+00 -2.18007543808417316859394750271862213030225752796706897967362564702536132031772269377793888446840673379742251e-106
33 -7.07106781186547524400844362104849039284835937688474036588339868995366239231053519425193767163820786367506938e-01 -1.22474487139158904909864203735294569598297374032833506421634628362548018872865751326992971655232011740929756e+00
34 -7.07106781186547524400844362104849039284835937688474036588339868995366239231053519425193767163820786367506938e-01 1.22474487139158904909864203735294569598297374032833506421634628362548018872865751326992971655232011740929756e+00
35 5.17638090205041524697797675248096656698137802639861027628006414630113949497603993844735949388499331041790625e-01 0.00000000000000000000000000000000000000000000000000000000000000000000000000000000000000000000000000000000000e+00
36 -5.17638090205041524697797675248096656698137802639861027628006414630113949497603993844735949388499331041790625e-01 0.00000000000000000000000000000000000000000000000000000000000000000000000000000000000000000000000000000000000e+00
37 7.07106781186547524400844362104849039284835937688474036588339868995366239231053519425193767163820786367506938e-01 1.22474487139158904909864203735294569598297374032833506421634628362548018872865751326992971655232011740929756e+00
38 7.07106781186547524400844362104849039284835937688474036588339868995366239231053519425193767163820786367506938e-01 -1.22474487139158904909864203735294569598297374032833506421634628362548018872865751326992971655232011740929756e+00
39 1.93185165257813657349948639945779473526780967801680910080468615262084642795971103269512348371614090377680450e+00 -2.18007543808417316859394750271862213030225752796706897967362564702536132031772269377793888446840673379742251e-106
40 -7.07106781186547524400844362104849039284835937688474036588339868995366239231053519425193767163820786367506938e-01 1.89468690981505999703046686856752382586698135048613008960333454365252289733449525580457817775321455325716531e-01
41 5.17638090205041524697797675248096656698137802639861027628006414630113949497603993844735949388499331041790625e-01 1.41421356237309504880168872420969807856967187537694807317667973799073247846210703885038753432764157273501388e+00
42 -1.93185165257813657349948639945779473526780967801680910080468615262084642795971103269512348371614090377680450e+00 1.41421356237309504880168872420969807856967187537694807317667973799073247846210703885038753432764157273501388e+00
43 -7.07106781186547524400844362104849039284835937688474036588339868995366239231053519425193767163820786367506938e-01 2.63895843376468409790033076156264377455264561570528313739302602161621266719076455212031725087996169014431144e+00
44 7.07106781186547524400844362104849039284835937688474036588339868995366239231053519425193767163820786367506938e-01 2.63895843376468409790033076156264377455264561570528313739302602161621266719076455212031725087996169014431144e+00
45 1.93185165257813657349948639945779473526780967801680910080468615262084642795971103269512348371614090377680450e+00 1.41421356237309504880168872420969807856967187537694807317667973799073247846210703885038753432764157273501388e+00
46 -5.17638090205041524697797675248096656698137802639861027628006414630113949497603993844735949388499331041790625e-01 1.41421356237309504880168872420969807856967187537694807317667973799073247846210703885038753432764157273501388e+00
47 7.07106781186547524400844362104849039284835937688474036588339868995366239231053519425193767163820786367506938e-01 1.89468690981505999703046686856752382586698135048613008960333454365252289733449525580457817775321455325716531e-01
48 7.07106781186547524400844362104849039284835937688474036588339868995366239231053519425193767163820786367506938e-01 -7.07106781186547524400844362104849039284835937688474036588339868995366239231053519425193767163820786367506938e-01
49 -7.07106781186547524400844362104849039284835937688474036588339868995366239231053519425193767163820786367506938e-01 -7.07106781186547524400844362104849039284835937688474036588339868995366239231053519425193767163820786367506938e-01
50 -2.18889458882570152116273411165129547935503704821586408860899230418885989397818520416493182887168395957619951e-02 9.99760408321864362228144895088908735200113335043208610335171178253009533208011594120499942793427508750772925e-01
51 9.87814772177325301961370540845410322427455209490563191288432999352311812919637368389211060146787291484164246e-01 1.55634108948709924224644991496741015020489639013808949027505352422665970505293447807519616839964398463345639e-01
52 -9.87814772177325301961370540845410322427455209490563191288432999352311812919637368389211060146787291484164246e-01 1.55634108948709924224644991496741015020489639013808949027505352422665970505293447807519616839964398463345639e-01
53 2.18889458882570152116273411165129547935503704821586408860899230418885989397818520416493182887168395957619951e-02 9.99760408321864362228144895088908735200113335043208610335171178253009533208011594120499942793427508750772925e-01
54 -3.59124294043724822709933757560648670784474190680776650680059708759791016771910458658912260102072748268222530e-01 9.33289741413456377345511670512319760330916541717166533401942778750861810413059210156893858320961482865816382e-01
55 8.76762384248766347407731432808745327482611993320637678308066123389904966269514452503648209490572079310013155e-01 4.80923820959638671456177053697378318238755333659781539774736959239870668049047828693493676006680089869197277e-01
56 -8.76762384248766347407731432808745327482611993320637678308066123389904966269514452503648209490572079310013155e-01 4.80923820959638671456177053697378318238755333659781539774736959239870668049047828693493676006680089869197277e-01
57 3.59124294043724822709933757560648670784474190680776650680059708759791016771910458658912260102072748268222530e-01 9.33289741413456377345511670512319760330916541717166533401942778750861810413059210156893858320961482865816382e-01
58 9.87814772177325301961370540845410322427455209490563191288432999352311812919637368389211060146787291484164246e-01 1.25857945342438512457704373271295706354918223636313912414917438556806650795681359104286791748767717427166867e+00
59 -2.18889458882570152116273411165129547935503704821586408860899230418885989397818520416493182887168395957619951e-02 4.14453154051230686573543829120789343369558540333739462841508559737722945254095444729887591534214063984240952e-01
60 2.18889458882570152116273411165129547935503704821586408860899230418885989397818520416493182887168395957619951e-02 4.14453154051230686573543829120789343369558540333739462841508559737722945254095444729887591534214063984240952e-01
61 -9.87814772177325301961370540845410322427455209490563191288432999352311812919637368389211060146787291484164246e-01 1.25857945342438512457704373271295706354918223636313912414917438556806650795681359104286791748767717427166867e+00
62 7.07106781186547524400844362104849039284835937688474036588339868995366239231053519425193767163820786367506938e-01 2.12132034355964257320253308631454711785450781306542210976501960698609871769316055827558130149146235910252081e+00
63 -7.07106781186547524400844362104849039284835937688474036588339868995366239231053519425193767163820786367506502e-01 2.12132034355964257320253308631454711785450781306542210976501960698609871769316055827558130149146235910252081e+00
64 8.76762384248766347407731432808745327482611993320637678308066123389904966269514452503648209490572079310013155e-01 9.33289741413456377345511670512319760330916541717166533401942778750861810413059210156893858320961482865816382e-01
65 -3.59124294043724822709933757560648670784474190680776650680059708759791016771910458658912260102072748268222530e-01 4.80923820959638671456177053697378318238755333659781539774736959239870668049047828693493676006680089869197277e-01
66 3.59124294043724822709933757560648670784474190680776650680059708759791016771910458658912260102072748268222530e-01 4.80923820959638671456177053697378318238755333659781539774736959239870668049047828693493676006680089869197277e-01
67 -8.76762384248766347407731432808745327482611993320637678308066123389904966269514452503648209490572079310013155e-01 9.33289741413456377345511670512319760330916541717166533401942778750861810413059210156893858320961482865816382e-01
68 -1.41421356237309504880168872420969807856967187537694807317667973799073247846210703885038753432764157273501388e+00 1.41421356237309504880168872420969807856967187537694807317667973799073247846210703885038753432764157273501388e+00
69 -1.41421356237309504880168872420969807856967187537694807317667973799073247846210703885038753432764157273501388e+00 0.00000000000000000000000000000000000000000000000000000000000000000000000000000000000000000000000000000000000e+00
70 -5.51472672237837600176199370608108024264346298674665087560834516572700268725760071617674150323856387904161299e-01 1.69492155336387282636221490295025936171229114717903722787677286834767805215069088781440482731060807785167118e+00
71 2.92653627135316837827300532984059695915277397354734573746831309257643293976958074695306175629606722383265987e-01 6.85217835298290509189217020988336084491285567206315395702249945953477640291271667383544448875103946771744507e-01
72 2.92653627135316837827300532984059695915277397354734573746831309257643293976958074695306175629606722383265987e-01 7.28995727074804539612471703221361994078386308170632677474429792037254838170835371466843085452537625963268933e-01
73 -5.51472672237837600176199370608108024264346298674665087560834516572700268725760071617674150323856387904161299e-01 -2.80707990990777777560526178740561283142619271802089154700093130356945573688583848964017292982966505116657308e-01
74 -2.26182960226908852944667308407470721046080604028692496813602909755495571182005690731700091157140696498309662e-01 1.58386916543531387180857579491359436676744793100911171489640599238527120550056797192884197665439286567752009e+00
75 2.26182960226908852944667308407470721046080604028692496813602909755495571182005690731700091157140696498309662e-01 3.47982487142822701690910604544200368500361747007697385908280160235575222459143060766281507061748038099284409e-01
76 2.26182960226908852944667308407470721046080604028692496813602909755495571182005690731700091157140696498309662e-01 1.06623107523027234711077811966549771006931012836925068726839957775515725600296397808410602726589353463572947e+00
77 -2.26182960226908852944667308407470721046080604028692496813602909755495571182005690731700091157140696498309662e-01 -1.69655603062218823006887070703896288197776055632163641719726254394538727038460933078454442326751292942506217e-01
78 -2.92653627135316837827300532984059695915277397354734573746831309257643293976958074695306175629606722383265987e-01 6.85217835298290509189217020988336084491285567206315395702249945953477640291271667383544448875103946771744507e-01
79 5.51472672237837600176199370608108024264346298674665087560834516572700268725760071617674150323856387904161299e-01 1.69492155336387282636221490295025936171229114717903722787677286834767805215069088781440482731060807785167118e+00
80 5.51472672237837600176199370608108024264346298674665087560834516572700268725760071617674150323856387904161299e-01 -2.80707990990777777560526178740561283142619271802089154700093130356945573688583848964017292982966505116657308e-01
81 -2.92653627135316837827300532984059695915277397354734573746831309257643293976958074695306175629606722383265987e-01 7.28995727074804539612471703221361994078386308170632677474429792037254838170835371466843085452537625963268933e-01
82 1.41421356237309504880168872420969807856967187537694807317667973799073247846210703885038753432764157273501388e+00 1.41421356237309504880168872420969807856967187537694807317667973799073247846210703885038753432764157273501388e+00
83 1.41421356237309504880168872420969807856967187537694807317667973799073247846210703885038753432764157273501300e+00 -8.72030175233669267437579001087448852120903011186827591869450258810144528127089077511175553787362693518969005e-106
84 -2.26182960226908852944667308407470721046080604028692496813602909755495571182005690731700091157140696498309662e-01 3.47982487142822701690910604544200368500361747007697385908280160235575222459143060766281507061748038099284409e-01
85 2.26182960226908852944667308407470721046080604028692496813602909755495571182005690731700091157140696498309662e-01 1.58386916543531387180857579491359436676744793100911171489640599238527120550056797192884197665439286567752009e+00
86 2.26182960226908852944667308407470721046080604028692496813602909755495571182005690731700091157140696498309662e-01 -1.69655603062218823006887070703896288197776055632163641719726254394538727038460933078454442326751292942506217e-01
87 -2.26182960226908852944667308407470721046080604028692496813602909755495571182005690731700091157140696498309662e-01 1.06623107523027234711077811966549771006931012836925068726839957775515725600296397808410602726589353463572947e+00
88 -1.22474487139158904909864203735294569598297374032833506421634628362548018872865751326992971655232011740929756e+00 -1.22474487139158904909864203735294569598297374032833506421634628362548018872865751326992971655232011740929756e+00
89 -1.93185165257813657349948639945779473526780967801680910080468615262084642795971103269512348371614090377680450e+00 -5.17638090205041524697797675248096656698137802639861027628006414630113949497603993844735949388499331041790625e-01
90 -1.67303260747561581115058756183374640691874077669687858699068294530578945321090903577275550902189123825591006e+00 -9.65925826289068286749743199728897367633904839008404550402343076310423213979855516347561741858070451888402251e-01
91 -3.69871433031079716902537945660713323293912117489856026794370083277463821398924912807930825350464877695046404e-01 1.88270193824321833628876520713318622323477936305046966027905649982227374072089753998187500377073367485931072e-01
92 -5.96054393257988569847205254068184044339992721518548523607972993032959392580930603539630916507605574193355847e-01 1.48476241365129397752171104112042778459526284039183162096277729532356207913881928177456800864481787076997812e+00
93 7.77655632464746453120866679015578745310426902703357584374437426328195839907765762349374241480997084402471179e-01 1.11052387928558954553639108036664994944843216169925512980366875962406846650122915885562850656215212174150982e-01
94 -5.18836587362225690771967841391530416961358001383427070560434219013138865158963765427006266786747418881575866e-01 3.37235348155467807498306416444135715990923820198618009793969785717902417832128606617262941813355908672460535e-01
95 1.22474487139158904909864203735294569598297374032833506421634628362548018872865751326992971655232011740929756e+00 1.22474487139158904909864203735294569598297374032833506421634628362548018872865751326992971655232011740929756e+00
96 -6.17943339146245585058832595184696999133543092000707164494062916074847991520712455581280234796322413789118278e-01 1.44684964724870695820592025342627568587266017266818609017708003555029388202890334504105541786475054175760062e+00
97 6.17943339146245585058832595184696999133543092000707164494062916074847991520712455581280234796322413789118278e-01 1.89921556770252466409525487024121712796482138072557108380428585506128502439291472650445560017903193475421950e+00
98 -4.73546283488923893042404168511821565048026098609210483282082541044692871413997619849175293924236513985617887e-01 2.85013919007997677940287218516059020544284230837273563616320882396377462979629719124558851326273656422059419e-01
99 -2.33560497697623631358440193593027474236809839079263553306257327950673367817055899576018473239584272381889051e-01 1.83630642455164489526224586779848809731022358222814854614869872458972125471353083915102245016518870268046140e+00
100 5.17638090205041524697797675248096656698137802639861027628006414630113949497603993844735949388499331041790625e-01 1.93185165257813657349948639945779473526780967801680910080468615262084642795971103269512348371614090377680450e+00
101 1.19210878651597713969441050813636808867998544303709704721594598606591878516186120707926183301521114838671169e+00 1.32505012033279310945967695728954603841837902968918120108240278507021423075176597500647400196014320015662478e+00
102 7.39742866062159433805075891321426646587824234979712053588740166554927642797849825615861650700929755390092807e-01 8.91634420403019393420117669201520401512928456877668720942769529205182477103410638439135323674983725783890958e-02
103 1.12919964336509737086140150569363905802538764453967450956035885559435501548247731972582868300136791631295446e+00 4.73546283488923893042404168511821565048026098609210483282082541044692871413997619849175293924236513985617887e-01
104 -4.22092862178549846460557143588790018740551706851200472972018986598988776251423800300634915837547129945447519e-01 2.33560497697623631358440193593027474236809839079263553306257327950673367817055899576018473239584272381888942e-01
105 -4.48287736084026762051945524480800710935767036368543522774336661680309264482251522502825792469571120846611843e-01 2.58819045102520762348898837624048328349068901319930513814003207315056974748801996922367974694249665520894877e-01
106 4.82323390251519858031780571533736000964094838552856227789618238801727872475429636582884464803049839786919407e-01 -8.77710676259596498937640302191443591606873994364574450753569775703500106143201673370917087881332580130130167e-03
107 -7.41142435354040620380679409157784329313163739872786741603621446116784847224231633505252439497299505307814720e-01 9.74702933051664251739119602750811803549973578952050294909878774067458215041287533081270912736883777689703335e-01
108 2.67596151865116727338275240645962764265137641263576258321538905072091975810234013656077145573062991322196614e-01 -3.40356541674930959798350470529352900283278021843127050152815771214186079931781140800586723334787189403077816e-02
109 -7.15883887949143489390220765126763475200904677632119781095875566752401240292485536158902938042634112168808022e-01 1.18943017143806738243262493363858504024893077624133026437795810779709411170648315600807823196687062615442591e+00
110 5.18836587362225690771967841391530416961358001383427070560434219013138865158963765427006266786747418881575866e-01 3.37235348155467807498306416444135715990923820198618009793969785717902417832128606617262941813355908672460535e-01
111 -7.77655632464746453120866679015578745310426902703357584374437426328195839907765762349374241480997084402471179e-01 1.11052387928558954553639108036664994944843216169925512980366875962406846650122915885562850656215212174150982e-01
112 5.96054393257988569847205254068184044339992721518548523607972993032959392580930603539630916507605574193355847e-01 1.48476241365129397752171104112042778459526284039183162096277729532356207913881928177456800864481787076997812e+00
113 3.69871433031079716902537945660713323293912117489856026794370083277463821398924912807930825350464877695046404e-01 1.88270193824321833628876520713318622323477936305046966027905649982227374072089753998187500377073367485931072e-01
114 -1.22474487139158904909864203735294569598297374032833506421634628362548018872865751326992971655232011740929756e+00 1.22474487139158904909864203735294569598297374032833506421634628362548018872865751326992971655232011740929756e+00
115 2.33560497697623631358440193593027474236809839079263553306257327950673367817055899576018473239584272381889051e-01 1.83630642455164489526224586779848809731022358222814854614869872458972125471353083915102245016518870268046140e+00
116 4.73546283488923893042404168511821565048026098609210483282082541044692871413997619849175293924236513985617887e-01 2.85013919007997677940287218516059020544284230837273563616320882396377462979629719124558851326273656422059419e-01
117 -6.17943339146245585058832595184696999133543092000707164494062916074847991520712455581280234796322413789118278e-01 1.89921556770252466409525487024121712796482138072557108380428585506128502439291472650445560017903193475421950e+00
118 6.17943339146245585058832595184696999133543092000707164494062916074847991520712455581280234796322413789118278e-01 1.44684964724870695820592025342627568587266017266818609017708003555029388202890334504105541786475054175760062e+00
119 -7.39742866062159433805075891321426646587824234979712053588740166554927642797849825615861650700929755390092807e-01 8.91634420403019393420117669201520401512928456877668720942769529205182477103410638439135323674983725783890958e-02
120 -1.19210878651597713969441050813636808867998544303709704721594598606591878516186120707926183301521114838671169e+00 1.32505012033279310945967695728954603841837902968918120108240278507021423075176597500647400196014320015662478e+00
121 4.22092862178549846460557143588790018740551706851200472972018986598988776251423800300634915837547129945447519e-01 2.33560497697623631358440193593027474236809839079263553306257327950673367817055899576018473239584272381888942e-01
122 -1.12919964336509737086140150569363905802538764453967450956035885559435501548247731972582868300136791631295446e+00 4.73546283488923893042404168511821565048026098609210483282082541044692871413997619849175293924236513985617887e-01
123 -5.17638090205041524697797675248096656698137802639861027628006414630113949497603993844735949388499331041790625e-01 1.93185165257813657349948639945779473526780967801680910080468615262084642795971103269512348371614090377680450e+00
124 7.41142435354040620380679409157784329313163739872786741603621446116784847224231633505252439497299505307814720e-01 9.74702933051664251739119602750811803549973578952050294909878774067458215041287533081270912736883777689703335e-01
125 -4.82323390251519858031780571533736000964094838552856227789618238801727872475429636582884464803049839786919407e-01 -8.77710676259596498937640302191443591606873994364574450753569775703500106143201673370917087881332580130130167e-03
126 4.48287736084026762051945524480800710935767036368543522774336661680309264482251522502825792469571120846611625e-01 2.58819045102520762348898837624048328349068901319930513814003207315056974748801996922367974694249665520895095e-01
127 7.15883887949143489390220765126763475200904677632119781095875566752401240292485536158902938042634112168808022e-01 1.18943017143806738243262493363858504024893077624133026437795810779709411170648315600807823196687062615442591e+00
128 -2.67596151865116727338275240645962764265137641263576258321538905072091975810234013656077145573062991322196614e-01 -3.40356541674930959798350470529352900283278021843127050152815771214186079931781140800586723334787189403077816e-02
129 1.22474487139158904909864203735294569598297374032833506421634628362548018872865751326992971655232011740929756e+00 -1.22474487139158904909864203735294569598297374032833506421634628362548018872865751326992971655232011740929756e+00
130 1.93185165257813657349948639945779473526780967801680910080468615262084642795971103269512348371614090377680450e+00 -5.17638090205041524697797675248096656698137802639861027628006414630113949497603993844735949388499331041790625e-01
131 1.67303260747561581115058756183374640691874077669687858699068294530578945321090903577275550902189123825590919e+00 -9.65925826289068286749743199728897367633904839008404550402343076310423213979855516347561741858070451888402251e-01
132 -5.96054393257988569847205254068184044339992721518548523607972993032959392580930603539630916507605574193355847e-01 -7.05488512781989287200223169107297060255909650148835477860975573328296006767122429241804743171762980349642408e-02
133 -3.69871433031079716902537945660713323293912117489856026794370083277463821398924912807930825350464877695046404e-01 1.22594336854877321517281220349637945624619393907190110714877408800850510439001728485220003395056820524908280e+00
134 -5.18836587362225690771967841391530416961358001383427070560434219013138865158963765427006266786747418881575866e-01 1.07697821421762724130338230776556236257874805517833006338270995227283006062997843223312459251428566406255247e+00
135 7.77655632464746453120866679015578745310426902703357584374437426328195839907765762349374241480997084402471179e-01 1.30316117444453609424804961617303308362482865920702256019631286202832563181198412296482468367142636056086279e+00
136 6.17943339146245585058832595184696999133543092000707164494062916074847991520712455581280234796322413789117842e-01 -4.85002005329429615293566146031519049395149505348623010627606117070552545930807687654068065851390362019204974e-01
137 -6.17943339146245585058832595184696999133543092000707164494062916074847991520712455581280234796322413789117842e-01 -3.26360848756119094042315292165776073029882972912380170004002975595614035667963061906678835371089690225856511e-02
138 -2.33560497697623631358440193593027474236809839079263553306257327950673367817055899576018473239584272381888942e-01 -4.22092862178549846460557143588790018740551706851200472972018986598988776251423800300634915837547129945447519e-01
139 -4.73546283488923893042404168511821565048026098609210483282082541044692871413997619849175293924236513985617887e-01 1.12919964336509737086140150569363905802538764453967450956035885559435501548247731972582868300136791631295446e+00
140 1.22474487139158904909864203735294569598297374032833506421634628362548018872865751326992971655232011740929756e+00 1.89468690981505999703046686856752382586698135048613008960333454365252289733449525580457817775321455325716313e-01
141 5.17638090205041524697797675248096656698137802639861027628006414630113949497603993844735949388499331041790625e-01 -5.17638090205041524697797675248096656698137802639861027628006414630113949497603993844735949388499331041790625e-01
142 -4.22092862178549846460557143588790018740551706851200472972018986598988776251423800300634915837547129945447519e-01 1.18065306467547141744324853061667060433286203629768451987042241004005911064505113927436906108805730035312483e+00
143 1.12919964336509737086140150569363905802538764453967450956035885559435501548247731972582868300136791631295446e+00 9.40667278884171155759284555697876513521645776767737589894597196946039607048109419001212240403405058749395989e-01
144 7.39742866062159433805075891321426646587824234979712053588740166554927642797849825615861650700929755390092807e-01 1.32505012033279310945967695728954603841837902968918120108240278507021423075176597500647400196014320015662391e+00
145 1.19210878651597713969441050813636808867998544303709704721594598606591878516186120707926183301521114838671169e+00 8.91634420403019393420117669201520401512928456877668720942769529205182477103410638439135323674983725783886598e-02
146 -7.15883887949143489390220765126763475200904677632119781095875566752401240292485536158902938042634112168808022e-01 2.24783390935027666369063790571113038320741099135617808798721630193638366755623882842309302360770946580587531e-01
147 2.67596151865116727338275240645962764265137641263576258321538905072091975810234013656077145573062991322196614e-01 1.44824921654058814478152377126263336859799967756126077819196131511215108645528515293044620666112029167532209e+00
148 -4.48287736084026762051945524480800710935767036368543522774336661680309264482251522502825792469571120846611625e-01 1.15539451727057428645278988658564975022060297405701755936267653067567550371330504192801955963339190721411856e+00
149 -7.41142435354040620380679409157784329313163739872786741603621446116784847224231633505252439497299505307814720e-01 4.39510629321430797062569121458886275019698296424897778266800963923274263420819505769116621590757795045310324e-01
150 4.82323390251519858031780571533736000964094838552856227789618238801727872475429636582884464803049839786919407e-01 1.42299066913569101379106512723161251448574061532059381768421543574776747952353905558409670520645489853631496e+00
151 -1.22474487139158904909864203735294569598297374032833506421634628362548018872865751326992971655232011740929756e+00 2.63895843376468409790033076156264377455264561570528313739302602161621266719076455212031725087996169014431144e+00
152 -1.93185165257813657349948639945779473526780967801680910080468615262084642795971103269512348371614090377680450e+00 1.93185165257813657349948639945779473526780967801680910080468615262084642795971103269512348371614090377680363e+00
153 -1.67303260747561581115058756183374640691874077669687858699068294530578945321090903577275550902189123825591006e+00 2.38013938866216333555143192393859544620357671438535262357902281430115569244196255519794927618571202462341700e+00
154 1.22474487139158904909864203735294569598297374032833506421634628362548018872865751326992971655232011740929756e+00 2.63895843376468409790033076156264377455264561570528313739302602161621266719076455212031725087996169014431144e+00
155 1.93185165257813657349948639945779473526780967801680910080468615262084642795971103269512348371614090377680450e+00 1.93185165257813657349948639945779473526780967801680910080468615262084642795971103269512348371614090377680363e+00
156 1.67303260747561581115058756183374640691874077669687858699068294530578945321090903577275550902189123825590919e+00 2.38013938866216333555143192393859544620357671438535262357902281430115569244196255519794927618571202462341700e+00
157 -7.77655632464746453120866679015578745310426902703357584374437426328195839907765762349374241480997084402471179e-01 1.30316117444453609424804961617303308362482865920702256019631286202832563181198412296482468367142636056086279e+00
158 5.18836587362225690771967841391530416961358001383427070560434219013138865158963765427006266786747418881575866e-01 1.07697821421762724130338230776556236257874805517833006338270995227283006062997843223312459251428566406255247e+00
159 3.69871433031079716902537945660713323293912117489856026794370083277463821398924912807930825350464877695046404e-01 1.22594336854877321517281220349637945624619393907190110714877408800850510439001728485220003395056820524908280e+00
160 5.96054393257988569847205254068184044339992721518548523607972993032959392580930603539630916507605574193355847e-01 -7.05488512781989287200223169107297060255909650148835477860975573328296006767122429241804743171762980349642408e-02
161 4.73546283488923893042404168511821565048026098609210483282082541044692871413997619849175293924236513985617887e-01 1.12919964336509737086140150569363905802538764453967450956035885559435501548247731972582868300136791631295446e+00
162 2.33560497697623631358440193593027474236809839079263553306257327950673367817055899576018473239584272381888942e-01 -4.22092862178549846460557143588790018740551706851200472972018986598988776251423800300634915837547129945447519e-01
163 6.17943339146245585058832595184696999133543092000707164494062916074847991520712455581280234796322413789117842e-01 -3.26360848756119094042315292165776073029882972912380170004002975595614035667963061906678835371089690225856511e-02
164 -6.17943339146245585058832595184696999133543092000707164494062916074847991520712455581280234796322413789117842e-01 -4.85002005329429615293566146031519049395149505348623010627606117070552545930807687654068065851390362019204974e-01
165 -1.22474487139158904909864203735294569598297374032833506421634628362548018872865751326992971655232011740929756e+00 1.89468690981505999703046686856752382586698135048613008960333454365252289733449525580457817775321455325716313e-01
166 -1.12919964336509737086140150569363905802538764453967450956035885559435501548247731972582868300136791631295446e+00 9.40667278884171155759284555697876513521645776767737589894597196946039607048109419001212240403405058749395989e-01
167 4.22092862178549846460557143588790018740551706851200472972018986598988776251423800300634915837547129945447519e-01 1.18065306467547141744324853061667060433286203629768451987042241004005911064505113927436906108805730035312483e+00
168 -1.19210878651597713969441050813636808867998544303709704721594598606591878516186120707926183301521114838671169e+00 8.91634420403019393420117669201520401512928456877668720942769529205182477103410638439135323674983725783886598e-02
169 -7.39742866062159433805075891321426646587824234979712053588740166554927642797849825615861650700929755390092807e-01 1.32505012033279310945967695728954603841837902968918120108240278507021423075176597500647400196014320015662391e+00
170 -5.17638090205041524697797675248096656698137802639861027628006414630113949497603993844735949388499331041790625e-01 -5.17638090205041524697797675248096656698137802639861027628006414630113949497603993844735949388499331041790625e-01
171 -2.67596151865116727338275240645962764265137641263576258321538905072091975810234013656077145573062991322196614e-01 1.44824921654058814478152377126263336859799967756126077819196131511215108645528515293044620666112029167532209e+00
172 7.15883887949143489390220765126763475200904677632119781095875566752401240292485536158902938042634112168808022e-01 2.24783390935027666369063790571113038320741099135617808798721630193638366755623882842309302360770946580587531e-01
173 -4.82323390251519858031780571533736000964094838552856227789618238801727872475429636582884464803049839786919407e-01 1.42299066913569101379106512723161251448574061532059381768421543574776747952353905558409670520645489853631496e+00
174 7.41142435354040620380679409157784329313163739872786741603621446116784847224231633505252439497299505307814720e-01 4.39510629321430797062569121458886275019698296424897778266800963923274263420819505769116621590757795045310324e-01
175 4.48287736084026762051945524480800710935767036368543522774336661680309264482251522502825792469571120846611625e-01 1.15539451727057428645278988658564975022060297405701755936267653067567550371330504192801955963339190721411856e+00
176 -1.44824921654058814478152377126263336859799967756126077819196131511215108645528515293044620666112029167532209e+00 1.68180971423821177613996396485566084283480951664052433149821864306282445427234105250646467990070456405721027e+00
177 -2.24783390935027666369063790571113038320741099135617808798721630193638366755623882842309302360770946580587531e-01 6.98329674423951559411467959082934603368767197744828292080804171238331238169621502691484596285007460566204983e-01
178 -2.24783390935027666369063790571113038320741099135617808798721630193638366755623882842309302360770946580587531e-01 7.15883887949143489390220765126763475200904677632119781095875566752401240292485536158902938042634112168808022e-01
179 -1.44824921654058814478152377126263336859799967756126077819196131511215108645528515293044620666112029167532209e+00 -2.67596151865116727338275240645962764265137641263576258321538905072091975810234013656077145573062991322196614e-01
180 -2.19067069768065733584838523708184306361687857933673961461868935993590340270851302961749145841039056929769894e+00 9.65925826289068286749743199728897367633904839008404550402343076310423213979855516347561741858070451888402251e-01
181 -1.48356391649410981144754087497699402433204264164826557803034949094053716347745951019229769124656978293019288e+00 -2.58819045102520762348898837624048328349068901319930513814003207315056974748801996922367974694249665520895313e-01
182 -2.19067069768065733584838523708184306361687857933673961461868935993590340270851302961749145841039056929769894e+00 4.48287736084026762051945524480800710935767036368543522774336661680309264482251522502825792469571120846611625e-01
183 -1.48356391649410981144754087497699402433204264164826557803034949094053716347745951019229769124656978293019288e+00 1.67303260747561581115058756183374640691874077669687858699068294530578945321090903577275550902189123825590919e+00
184 -8.77710676259596498937640302191443591606873994364574450753569775703500106143201673370917087881332580130130167e-03 4.82323390251519858031780571533736000964094838552856227789618238801727872475429636582884464803049839786919407e-01
185 9.74702933051664251739119602750811803549973578952050294909878774067458215041287533081270912736883777689703335e-01 -7.41142435354040620380679409157784329313163739872786741603621446116784847224231633505252439497299505307814720e-01
186 -9.74702933051664251739119602750811803549973578952050294909878774067458215041287533081270912736883777689703335e-01 -7.41142435354040620380679409157784329313163739872786741603621446116784847224231633505252439497299505307814720e-01
187 8.77710676259596498937640302191443591606873994364574450753569775703500106143201673370917087881332580130130167e-03 4.82323390251519858031780571533736000964094838552856227789618238801727872475429636582884464803049839786919407e-01
188 2.58819045102520762348898837624048328349068901319930513814003207315056974748801996922367974694249665520895313e-01 -1.48356391649410981144754087497699402433204264164826557803034949094053716347745951019229769124656978293019288e+00
189 -2.58819045102520762348898837624048328349068901319930513814003207315056974748801996922367974694249665520895313e-01 -1.48356391649410981144754087497699402433204264164826557803034949094053716347745951019229769124656978293019288e+00
190 -9.65925826289068286749743199728897367633904839008404550402343076310423213979855516347561741858070451888402251e-01 -7.76457135307562287046696512872144985047206703959791541442009621945170924246405990767103924082748996562685938e-01
191 9.65925826289068286749743199728897367633904839008404550402343076310423213979855516347561741858070451888402251e-01 -7.76457135307562287046696512872144985047206703959791541442009621945170924246405990767103924082748996562685938e-01
192 9.74702933051664251739119602750811803549973578952050294909878774067458215041287533081270912736883777689703335e-01 2.15535599772713566918236813336748240788283561524973481478030118410751732568633867235563997382494107804282903e+00
193 -8.77710676259596498937640302191443591606873994364574450753569775703500106143201673370917087881332580130130167e-03 9.31890172121575190769908152675962077605577036824091845387061499189004605986677402267503069524591732948094905e-01
194 8.77710676259596498937640302191443591606873994364574450753569775703500106143201673370917087881332580130130167e-03 9.31890172121575190769908152675962077605577036824091845387061499189004605986677402267503069524591732948094905e-01
195 -9.74702933051664251739119602750811803549973578952050294909878774067458215041287533081270912736883777689703335e-01 2.15535599772713566918236813336748240788283561524973481478030118410751732568633867235563997382494107804282903e+00
196 -9.65925826289068286749743199728897367633904839008404550402343076310423213979855516347561741858070451888402251e-01 2.19067069768065733584838523708184306361687857933673961461868935993590340270851302961749145841039056929769894e+00
197 9.65925826289068286749743199728897367633904839008404550402343076310423213979855516347561741858070451888402251e-01 2.19067069768065733584838523708184306361687857933673961461868935993590340270851302961749145841039056929769894e+00
198 2.58819045102520762348898837624048328349068901319930513814003207315056974748801996922367974694249665520895313e-01 2.89777747886720486024922959918669210290171451702521365120702922893126964193956654904268522557421135566520588e+00
199 -2.58819045102520762348898837624048328349068901319930513814003207315056974748801996922367974694249665520895313e-01 2.89777747886720486024922959918669210290171451702521365120702922893126964193956654904268522557421135566520588e+00
200 2.24783390935027666369063790571113038320741099135617808798721630193638366755623882842309302360770946580587531e-01 6.98329674423951559411467959082934603368767197744828292080804171238331238169621502691484596285007460566204983e-01
201 1.44824921654058814478152377126263336859799967756126077819196131511215108645528515293044620666112029167532209e+00 1.68180971423821177613996396485566084283480951664052433149821864306282445427234105250646467990070456405721027e+00
202 1.44824921654058814478152377126263336859799967756126077819196131511215108645528515293044620666112029167532209e+00 -2.67596151865116727338275240645962764265137641263576258321538905072091975810234013656077145573062991322196614e-01
203 2.24783390935027666369063790571113038320741099135617808798721630193638366755623882842309302360770946580587531e-01 7.15883887949143489390220765126763475200904677632119781095875566752401240292485536158902938042634112168808022e-01
204 1.48356391649410981144754087497699402433204264164826557803034949094053716347745951019229769124656978293019288e+00 -2.58819045102520762348898837624048328349068901319930513814003207315056974748801996922367974694249665520895313e-01
205 2.19067069768065733584838523708184306361687857933673961461868935993590340270851302961749145841039056929769894e+00 9.65925826289068286749743199728897367633904839008404550402343076310423213979855516347561741858070451888402251e-01
206 1.48356391649410981144754087497699402433204264164826557803034949094053716347745951019229769124656978293019288e+00 1.67303260747561581115058756183374640691874077669687858699068294530578945321090903577275550902189123825590919e+00
207 2.19067069768065733584838523708184306361687857933673961461868935993590340270851302961749145841039056929769894e+00 4.48287736084026762051945524480800710935767036368543522774336661680309264482251522502825792469571120846611625e-01
208 -4.82323390251519858031780571533736000964094838552856227789618238801727872475429636582884464803049839786919189e-01 8.77710676259596498937640302191443591606873994364574450753569775703500106143201673370917087881332580130130167e-03
209 7.41142435354040620380679409157784329313163739872786741603621446116784847224231633505252439497299505307815156e-01 -9.74702933051664251739119602750811803549973578952050294909878774067458215041287533081270912736883777689703335e-01
210 -1.21468871884296451342308357766960589436118983848199722488570398716147771863822925335442773342153601929343217e+00 -6.72134800518474643820079578190923911173551868227485242278486496157010749938793780489293719652983469665041748e-01
211 2.48762892553896226673340377940708526727284999473592674483360910851054504658373737006865991563465567405029920e-01 -1.04322334789087643226616934681221073873654835732306299163523125788160174307612210277810204429765526897644190e-01
212 4.85002005329429615293566146031519049395149505348623010627606117070552545930807687654068065851390362019204974e-01 -6.17943339146245585058832595184696999133543092000707164494062916074847991520712455581280234796322413789117842e-01
213 3.26360848756119094042315292165776073029882972912380170004002975595614035667963061906678835371089690225856511e-02 6.17943339146245585058832595184696999133543092000707164494062916074847991520712455581280234796322413789117842e-01
214 8.91634420403019393420117669201520401512928456877668720942769529205182477103410638439135323674983725783890958e-02 7.39742866062159433805075891321426646587824234979712053588740166554927642797849825615861650700929755390092807e-01
215 1.32505012033279310945967695728954603841837902968918120108240278507021423075176597500647400196014320015662478e+00 1.19210878651597713969441050813636808867998544303709704721594598606591878516186120707926183301521114838671169e+00
216 3.37235348155467807498306416444135715990923820198618009793969785717902417832128606617262941813355908672460535e-01 -5.18836587362225690771967841391530416961358001383427070560434219013138865158963765427006266786747418881575866e-01
217 1.11052387928558954553639108036664994944843216169925512980366875962406846650122915885562850656215212174151091e-01 7.77655632464746453120866679015578745310426902703357584374437426328195839907765762349374241480997084402471179e-01
218 1.48476241365129397752171104112042778459526284039183162096277729532356207913881928177456800864481787076997812e+00 -5.96054393257988569847205254068184044339992721518548523607972993032959392580930603539630916507605574193356283e-01
219 1.88270193824321833628876520713318622323477936305046966027905649982227374072089753998187500377073367485931072e-01 -3.69871433031079716902537945660713323293912117489856026794370083277463821398924912807930825350464877695046404e-01
220 1.00561525486245356755584596833398016217839018463378393306422964640024700904282599155019831307840981158653925e-02 5.52610070873114405278562459162021784809421872100849821937859787468469438789863732780635996899336647744255816e-01
221 1.47350776394548527577198241529365422271025873980192773869970719447653469338703125027679570811578568481432748e+00 1.12042253660250140587202510267172462210931890459602876505282315783732001442104530299211951212255459051165250e+00
222 9.44036880400811271538115858612384412840354468526245909516253153268534615040073664305912423569353612292640692e-01 1.25857945342438512457704373271295706354918223636313912414917438556806650795681359104286791748767717427166780e+00
223 1.95374059846639358871111374057430769006136004849896774169077607566273502689949288473677280200485774337256737e+00 4.14453154051230686573543829120789343369558540333739462841508559737722945254095444729887591534214063984240516e-01
224 -1.32505012033279310945967695728954603841837902968918120108240278507021423075176597500647400196014320015662478e+00 1.19210878651597713969441050813636808867998544303709704721594598606591878516186120707926183301521114838671169e+00
225 -8.91634420403019393420117669201520401512928456877668720942769529205182477103410638439135323674983725783890958e-02 7.39742866062159433805075891321426646587824234979712053588740166554927642797849825615861650700929755390092807e-01
226 -3.26360848756119094042315292165776073029882972912380170004002975595614035667963061906678835371089690225856511e-02 6.17943339146245585058832595184696999133543092000707164494062916074847991520712455581280234796322413789117842e-01
227 -4.85002005329429615293566146031519049395149505348623010627606117070552545930807687654068065851390362019204974e-01 -6.17943339146245585058832595184696999133543092000707164494062916074847991520712455581280234796322413789117842e-01
228 -1.88270193824321833628876520713318622323477936305046966027905649982227374072089753998187500377073367485931072e-01 -3.69871433031079716902537945660713323293912117489856026794370083277463821398924912807930825350464877695046404e-01
229 -1.48476241365129397752171104112042778459526284039183162096277729532356207913881928177456800864481787076997812e+00 -5.96054393257988569847205254068184044339992721518548523607972993032959392580930603539630916507605574193356283e-01
230 -1.11052387928558954553639108036664994944843216169925512980366875962406846650122915885562850656215212174151091e-01 7.77655632464746453120866679015578745310426902703357584374437426328195839907765762349374241480997084402471179e-01
231 -3.37235348155467807498306416444135715990923820198618009793969785717902417832128606617262941813355908672460535e-01 -5.18836587362225690771967841391530416961358001383427070560434219013138865158963765427006266786747418881575866e-01
232 -1.95374059846639358871111374057430769006136004849896774169077607566273502689949288473677280200485774337256737e+00 4.14453154051230686573543829120789343369558540333739462841508559737722945254095444729887591534214063984240516e-01
233 -9.44036880400811271538115858612384412840354468526245909516253153268534615040073664305912423569353612292640692e-01 1.25857945342438512457704373271295706354918223636313912414917438556806650795681359104286791748767717427166780e+00
234 -1.47350776394548527577198241529365422271025873980192773869970719447653469338703125027679570811578568481432748e+00 1.12042253660250140587202510267172462210931890459602876505282315783732001442104530299211951212255459051165250e+00
235 -1.00561525486245356755584596833398016217839018463378393306422964640024700904282599155019831307840981158653925e-02 5.52610070873114405278562459162021784809421872100849821937859787468469438789863732780635996899336647744255816e-01
236 -7.41142435354040620380679409157784329313163739872786741603621446116784847224231633505252439497299505307815156e-01 -9.74702933051664251739119602750811803549973578952050294909878774067458215041287533081270912736883777689703335e-01
237 4.82323390251519858031780571533736000964094838552856227789618238801727872475429636582884464803049839786919189e-01 8.77710676259596498937640302191443591606873994364574450753569775703500106143201673370917087881332580130130167e-03
238 -2.48762892553896226673340377940708526727284999473592674483360910851054504658373737006865991563465567405029920e-01 -1.04322334789087643226616934681221073873654835732306299163523125788160174307612210277810204429765526897644190e-01
239 1.21468871884296451342308357766960589436118983848199722488570398716147771863822925335442773342153601929343217e+00 -6.72134800518474643820079578190923911173551868227485242278486496157010749938793780489293719652983469665041748e-01
240 3.26360848756119094042315292165776073029882972912380170004002975595614035667963061906678835371089690225856511e-02 7.96270223226849463742856129025001079436128783376240908682616821915884486941394583269107299531319158945896034e-01
241 4.85002005329429615293566146031519049395149505348623010627606117070552545930807687654068065851390362019204974e-01 2.03215690151934063386052131939439507770321496737765523767074265406558046998281949443166776912396398652413085e+00
242 1.32505012033279310945967695728954603841837902968918120108240278507021423075176597500647400196014320015662478e+00 2.22104775857117909107278216073329989889686432339851025960733751924813693300245831771125701312430424348301964e-01
243 8.91634420403019393420117669201520401512928456877668720942769529205182477103410638439135323674983725783890958e-02 6.74470696310935614996612832888271431981847640397236019587939571435804835664257213234525883626711817344921069e-01
244 1.47350776394548527577198241529365422271025873980192773869970719447653469338703125027679570811578568481432748e+00 2.93791025770593642929663621537973456460352970780919308123856580153412464041061735858268022205086982223360721e-01
245 1.00561525486245356755584596833398016217839018463378393306422964640024700904282599155019831307840981158653925e-02 8.61603491499980643523126265047676293760250003276098251238819950522263039672243306069751537428304924990758061e-01
246 1.95374059846639358871111374057430769006136004849896774169077607566273502689949288473677280200485774337256737e+00 9.99760408321864362228144895088908735200113335043208610335171178253009533208011594120499942793427508750772925e-01
247 9.44036880400811271538115858612384412840354468526245909516253153268534615040073664305912423569353612292640692e-01 1.55634108948709924224644991496741015020489639013808949027505352422665970505293447807519616839964398463345639e-01
248 1.88270193824321833628876520713318622323477936305046966027905649982227374072089753998187500377073367485931072e-01 1.78408499540417476570422666987041140186358399286680409997104982126819629986103195165831835967810645043005941e+00
249 1.48476241365129397752171104112042778459526284039183162096277729532356207913881928177456800864481787076997812e+00 2.01026795563108361864889397827788212290966459689549659678465273102369187104303764239001845083524714692836972e+00
250 1.11052387928558954553639108036664994944843216169925512980366875962406846650122915885562850656215212174150982e-01 6.36557929908348595680822045194119333259244972673590488802242311662536638554341276501013292846644488332542261e-01
251 3.37235348155467807498306416444135715990923820198618009793969785717902417832128606617262941813355908672460535e-01 1.93305014973532073957365656560122849553102987676037514373711395700387134362107080427739380111438899161658974e+00
252 2.48762892553896226673340377940708526727284999473592674483360910851054504658373737006865991563465567405030356e-01 1.51853589716218269202830565889091915244332671110925437234020286377889265276971924912819773875740709963265894e+00
253 -1.21468871884296451342308357766960589436118983848199722488570398716147771863822925335442773342153601929343217e+00 2.08634836289156969262176830240062198974322374360443331545516623414774322840090081933968125398062504240005562e+00
254 7.41142435354040620380679409157784329313163739872786741603621446116784847224231633505252439497299505307815156e-01 2.38891649542475930054080832696050988211964545432899836808655851205819069350339457193165844706452535042471721e+00
255 -4.82323390251519858031780571533736000964094838552856227789618238801727872475429636582884464803049839786919189e-01 1.40543645561049908381231232118778364265360313543330232866914404023369747740067502211667836344882824693371279e+00
256 1.21468871884296451342308357766960589436118983848199722488570398716147771863822925335442773342153601929343217e+00 2.08634836289156969262176830240062198974322374360443331545516623414774322840090081933968125398062504240005562e+00
257 -2.48762892553896226673340377940708526727284999473592674483360910851054504658373737006865991563465567405030356e-01 1.51853589716218269202830565889091915244332671110925437234020286377889265276971924912819773875740709963265894e+00
258 4.82323390251519858031780571533736000964094838552856227789618238801727872475429636582884464803049839786919189e-01 1.40543645561049908381231232118778364265360313543330232866914404023369747740067502211667836344882824693371279e+00
259 -7.41142435354040620380679409157784329313163739872786741603621446116784847224231633505252439497299505307815156e-01 2.38891649542475930054080832696050988211964545432899836808655851205819069350339457193165844706452535042471721e+00
260 -8.91634420403019393420117669201520401512928456877668720942769529205182477103410638439135323674983725783890958e-02 6.74470696310935614996612832888271431981847640397236019587939571435804835664257213234525883626711817344921069e-01
261 -1.32505012033279310945967695728954603841837902968918120108240278507021423075176597500647400196014320015662478e+00 2.22104775857117909107278216073329989889686432339851025960733751924813693300245831771125701312430424348301964e-01
262 -4.85002005329429615293566146031519049395149505348623010627606117070552545930807687654068065851390362019204974e-01 2.03215690151934063386052131939439507770321496737765523767074265406558046998281949443166776912396398652413085e+00
263 -3.26360848756119094042315292165776073029882972912380170004002975595614035667963061906678835371089690225856511e-02 7.96270223226849463742856129025001079436128783376240908682616821915884486941394583269107299531319158945896034e-01
264 -9.44036880400811271538115858612384412840354468526245909516253153268534615040073664305912423569353612292640692e-01 1.55634108948709924224644991496741015020489639013808949027505352422665970505293447807519616839964398463345639e-01
265 -1.95374059846639358871111374057430769006136004849896774169077607566273502689949288473677280200485774337256737e+00 9.99760408321864362228144895088908735200113335043208610335171178253009533208011594120499942793427508750772925e-01
266 -1.00561525486245356755584596833398016217839018463378393306422964640024700904282599155019831307840981158653925e-02 8.61603491499980643523126265047676293760250003276098251238819950522263039672243306069751537428304924990758061e-01
267 -1.47350776394548527577198241529365422271025873980192773869970719447653469338703125027679570811578568481432748e+00 2.93791025770593642929663621537973456460352970780919308123856580153412464041061735858268022205086982223360721e-01
268 -3.37235348155467807498306416444135715990923820198618009793969785717902417832128606617262941813355908672460535e-01 1.93305014973532073957365656560122849553102987676037514373711395700387134362107080427739380111438899161658974e+00
269 -1.11052387928558954553639108036664994944843216169925512980366875962406846650122915885562850656215212174150982e-01 6.36557929908348595680822045194119333259244972673590488802242311662536638554341276501013292846644488332542261e-01
270 -1.48476241365129397752171104112042778459526284039183162096277729532356207913881928177456800864481787076997812e+00 2.01026795563108361864889397827788212290966459689549659678465273102369187104303764239001845083524714692836972e+00
271 -1.88270193824321833628876520713318622323477936305046966027905649982227374072089753998187500377073367485931072e-01 1.78408499540417476570422666987041140186358399286680409997104982126819629986103195165831835967810645043005941e+00
272 -1.68180971423821177613996396485566084283480951664052433149821864306282445427234105250646467990070456405721027e+00 1.44824921654058814478152377126263336859799967756126077819196131511215108645528515293044620666112029167532209e+00
273 -6.98329674423951559411467959082934603368767197744828292080804171238331238169621502691484596285007460566204983e-01 2.24783390935027666369063790571113038320741099135617808798721630193638366755623882842309302360770946580587967e-01
274 -8.11429115975635167627461296786070113158490773420780335751862994783526413538665729703003971593586313265150693e-01 9.55869673740443751074184740045557566012120937162066711071700779846420743889427256432059758727286353772536858e-01
275 -1.37924158170502216822092394029577295045838780591595927886682636515237698916984729991448748681680425603254869e+00 -5.07581937656416989022239215564756855076353900793523188297364118166111479407175733929233966257715232925925233e-01
276 4.13315755415953881471180740566875582824482966907554728464483288841953775189991783566925744958733804144145999e-01 2.18061454513203280017282677739850326199509467749040177528804706347190093261808476970198947527960647118183529e+00
277 -1.54496710313433119122281902942827254475414065587624214650480081526896800441189786644557770264484138623251122e-01 7.17162933735172060076402821788188840906619839534811875918982165459368709321481779340695750294604884483372767e-01
278 7.05488512781989287200223169107297060255909650148835477860975573328296006767122429241804743171762980349642408e-02 8.18159169115106478954483470141514034229679153858399549568706744957773085881176435310756617820035998541658029e-01
279 -1.22594336854877321517281220349637945624619393907190110714877408800850510439001728485220003395056820524908280e+00 1.04434212934201533189915077854898475527575975788709204638230965471326865706318212604245670897717669503996747e+00
280 -1.07697821421762724130338230776556236257874805517833006338270995227283006062997843223312459251428566406255334e+00 8.95376975010869358029720882818167661608313873993521002616245518977593613303143273423381267540894153853438446e-01
281 -1.30316117444453609424804961617303308362482865920702256019631286202832563181198412296482468367142636056086366e+00 2.19186919483784150192255540322527682388009877808030565755111716431892831836987280119976177580863865713748593e+00
282 -2.92653627135316837827300532984059695915277397354734573746831309257643293976958074695306175629606722383266205e-01 2.66084737965294111311195810267915672934619598618744177827911594465810126613054640416196656916867852974007431e+00
283 5.51472672237837600176199370608108024264346298674665087560834516572700268725760071617674150323856387904160863e-01 1.65114366158735879593896022071723345212519040621471994610459302226390085427112718373110619073317439866014719e+00
284 -1.30316117444453609424804961617303308362482865920702256019631286202832563181198412296482468367142636056086279e+00 -7.77655632464746453120866679015578745310426902703357584374437426328195839907765762349374241480997084402471179e-01
285 -1.07697821421762724130338230776556236257874805517833006338270995227283006062997843223312459251428566406255421e+00 5.18836587362225690771967841391530416961358001383427070560434219013138865158963765427006266786747418881575866e-01
286 -1.22594336854877321517281220349637945624619393907190110714877408800850510439001728485220003395056820524908280e+00 3.69871433031079716902537945660713323293912117489856026794370083277463821398924912807930825350464877695046404e-01
287 7.05488512781989287200223169107297060255909650148835477860975573328296006767122429241804743171762980349642408e-02 5.96054393257988569847205254068184044339992721518548523607972993032959392580930603539630916507605574193355847e-01
288 5.51472672237837600176199370608108024264346298674665087560834516572700268725760071617674150323856387904160863e-01 -2.36930099214263747137271496507535373555518530837771872927913284273168375809020144880718656405532825925133318e-01
289 -2.92653627135316837827300532984059695915277397354734573746831309257643293976958074695306175629606722383266205e-01 -1.24663381727984606431026937846945865077652411081049370510243620666736878766843936531157903484103695700505956e+00
290 -1.54496710313433119122281902942827254475414065587624214650480081526896800441189786644557770264484138623251340e-01 6.97050628637922988725285902421509237663052035842136197257697572531363769140625259509691784033036688251641546e-01
291 4.13315755415953881471180740566875582824482966907554728464483288841953775189991783566925744958733804144146217e-01 -7.66400982758937751371138053188805183425422802113453702111367325481168454155977730851601940951964898446820546e-01
292 -6.98329674423951559411467959082934603368767197744828292080804171238331238169621502691484596285007460566204983e-01 1.18943017143806738243262493363858504024893077624133026437795810779709411170648315600807823196687062615442591e+00
293 -1.68180971423821177613996396485566084283480951664052433149821864306282445427234105250646467990070456405721027e+00 -3.40356541674930959798350470529352900283278021843127050152815771214186079931781140800586723334787189403086536e-02
294 -1.37924158170502216822092394029577295045838780591595927886682636515237698916984729991448748681680425603254869e+00 1.92179550002951203782392793977445493364602577617047126147404385615684395786928277277962150058535680566093911e+00
295 -8.11429115975635167627461296786070113158490773420780335751862994783526413538665729703003971593586313265150257e-01 4.58343888632651297727503984164140512557550938214881362104978958144311734572679782418327775600355218962476582e-01
296 1.54496710313433119122281902942827254475414065587624214650480081526896800441189786644557770264484138623251122e-01 7.17162933735172060076402821788188840906619839534811875918982165459368709321481779340695750294604884483372767e-01
297 -4.13315755415953881471180740566875582824482966907554728464483288841953775189991783566925744958733804144145999e-01 2.18061454513203280017282677739850326199509467749040177528804706347190093261808476970198947527960647118183529e+00
298 -5.51472672237837600176199370608108024264346298674665087560834516572700268725760071617674150323856387904160863e-01 1.65114366158735879593896022071723345212519040621471994610459302226390085427112718373110619073317439866014719e+00
299 2.92653627135316837827300532984059695915277397354734573746831309257643293976958074695306175629606722383266205e-01 2.66084737965294111311195810267915672934619598618744177827911594465810126613054640416196656916867852974007431e+00
300 1.30316117444453609424804961617303308362482865920702256019631286202832563181198412296482468367142636056086366e+00 2.19186919483784150192255540322527682388009877808030565755111716431892831836987280119976177580863865713748593e+00
301 1.07697821421762724130338230776556236257874805517833006338270995227283006062997843223312459251428566406255334e+00 8.95376975010869358029720882818167661608313873993521002616245518977593613303143273423381267540894153853438446e-01
302 1.22594336854877321517281220349637945624619393907190110714877408800850510439001728485220003395056820524908280e+00 1.04434212934201533189915077854898475527575975788709204638230965471326865706318212604245670897717669503996747e+00
303 -7.05488512781989287200223169107297060255909650148835477860975573328296006767122429241804743171762980349642408e-02 8.18159169115106478954483470141514034229679153858399549568706744957773085881176435310756617820035998541658029e-01
304 1.37924158170502216822092394029577295045838780591595927886682636515237698916984729991448748681680425603254869e+00 -5.07581937656416989022239215564756855076353900793523188297364118166111479407175733929233966257715232925925233e-01
305 8.11429115975635167627461296786070113158490773420780335751862994783526413538665729703003971593586313265150693e-01 9.55869673740443751074184740045557566012120937162066711071700779846420743889427256432059758727286353772536858e-01
306 6.98329674423951559411467959082934603368767197744828292080804171238331238169621502691484596285007460566204983e-01 2.24783390935027666369063790571113038320741099135617808798721630193638366755623882842309302360770946580587967e-01
307 1.68180971423821177613996396485566084283480951664052433149821864306282445427234105250646467990070456405721027e+00 1.44824921654058814478152377126263336859799967756126077819196131511215108645528515293044620666112029167532209e+00
308 8.11429115975635167627461296786070113158490773420780335751862994783526413538665729703003971593586313265150257e-01 4.58343888632651297727503984164140512557550938214881362104978958144311734572679782418327775600355218962476582e-01
309 1.37924158170502216822092394029577295045838780591595927886682636515237698916984729991448748681680425603254869e+00 1.92179550002951203782392793977445493364602577617047126147404385615684395786928277277962150058535680566093911e+00
310 1.68180971423821177613996396485566084283480951664052433149821864306282445427234105250646467990070456405721027e+00 -3.40356541674930959798350470529352900283278021843127050152815771214186079931781140800586723334787189403086536e-02
311 6.98329674423951559411467959082934603368767197744828292080804171238331238169621502691484596285007460566204983e-01 1.18943017143806738243262493363858504024893077624133026437795810779709411170648315600807823196687062615442591e+00
312 2.92653627135316837827300532984059695915277397354734573746831309257643293976958074695306175629606722383266205e-01 -1.24663381727984606431026937846945865077652411081049370510243620666736878766843936531157903484103695700505956e+00
313 -5.51472672237837600176199370608108024264346298674665087560834516572700268725760071617674150323856387904160863e-01 -2.36930099214263747137271496507535373555518530837771872927913284273168375809020144880718656405532825925133318e-01
314 -7.05488512781989287200223169107297060255909650148835477860975573328296006767122429241804743171762980349642408e-02 5.96054393257988569847205254068184044339992721518548523607972993032959392580930603539630916507605574193355847e-01
315 1.22594336854877321517281220349637945624619393907190110714877408800850510439001728485220003395056820524908280e+00 3.69871433031079716902537945660713323293912117489856026794370083277463821398924912807930825350464877695046404e-01
316 1.07697821421762724130338230776556236257874805517833006338270995227283006062997843223312459251428566406255421e+00 5.18836587362225690771967841391530416961358001383427070560434219013138865158963765427006266786747418881575866e-01
317 1.30316117444453609424804961617303308362482865920702256019631286202832563181198412296482468367142636056086279e+00 -7.77655632464746453120866679015578745310426902703357584374437426328195839907765762349374241480997084402471179e-01
318 -4.13315755415953881471180740566875582824482966907554728464483288841953775189991783566925744958733804144146217e-01 -7.66400982758937751371138053188805183425422802113453702111367325481168454155977730851601940951964898446820546e-01
319 1.54496710313433119122281902942827254475414065587624214650480081526896800441189786644557770264484138623251340e-01 6.97050628637922988725285902421509237663052035842136197257697572531363769140625259509691784033036688251641546e-01
320 1.63273817076029084111658305964741690391482805531269959158015779283931801502621803378266941143297464424552206e-01 7.32365328591444655391303006135869893397094999929140997096085748359749846162799616771543268618486179506513200e-01
321 -1.38801868846761813321030034331768738637445654585960502337436206290941199023127931664819665769561758183384977e+00 4.92379542800144393707339031217075802585878740399194067120260535265730342565857896498386447933833937902784364e-01
322 -2.14727238386403130693505330887773236698957197289279969468079333729635896665195622926807319229986848464722575e-01 2.09512546965416565761114470542253642565929248354807905996270193190477822946233283607339042485943836820135584e+00
323 2.52585474048971309904586440310208541122590622406669605077458793643836069317460973463495014546653931390062074e-02 5.43832964110518440289186056140107348893353132157204077430324089711434437728431716046926826020523321942954732e-01
324 -1.63273817076029084111658305964741690391482805531269959158015779283931801502621803378266941143297464424552206e-01 7.32365328591444655391303006135869893397094999929140997096085748359749846162799616771543268618486179506513200e-01
325 1.38801868846761813321030034331768738637445654585960502337436206290941199023127931664819665769561758183384977e+00 4.92379542800144393707339031217075802585878740399194067120260535265730342565857896498386447933833937902784364e-01
326 -2.14727238386403130693505330887773236698957197289279969468079333729635896665195622926807319229986848464722684e-01 -6.80911907281070608809455981212838347089620608171130986786022193914045751000225797223002890531796795466342831e-01
327 2.52585474048971309904586440310208541122590622406669605077458793643836069317460973463495014546653931390063709e-02 8.70380598262576608512502668069590729676318743219743995746355648279298040733675322803460708307118250792059144e-01
328 -2.52585474048971309904586440310208541122590622406669605077458793643836069317460973463495014546653931390063709e-02 8.70380598262576608512502668069590729676318743219743995746355648279298040733675322803460708307118250792059144e-01
329 2.14727238386403130693505330887773236698957197289279969468079333729635896665195622926807319229986848464722684e-01 -6.80911907281070608809455981212838347089620608171130986786022193914045751000225797223002890531796795466342831e-01
330 -2.52585474048971309904586440310208541122590622406669605077458793643836069317460973463495014546653931390062074e-02 5.43832964110518440289186056140107348893353132157204077430324089711434437728431716046926826020523321942954732e-01
331 2.14727238386403130693505330887773236698957197289279969468079333729635896665195622926807319229986848464722575e-01 2.09512546965416565761114470542253642565929248354807905996270193190477822946233283607339042485943836820135584e+00
332 -1.38801868846761813321030034331768738637445654585960502337436206290941199023127931664819665769561758183384977e+00 9.21834019572950655094349692992622275983793134977754006056419202725002135896249142352001086393807634832229513e-01
333 1.63273817076029084111658305964741690391482805531269959158015779283931801502621803378266941143297464424552206e-01 6.81848233781650393410385718073828185172576875447807076080593989630982632299307422078844265709155393228500676e-01
334 1.38801868846761813321030034331768738637445654585960502337436206290941199023127931664819665769561758183384977e+00 9.21834019572950655094349692992622275983793134977754006056419202725002135896249142352001086393807634832229513e-01
335 -1.63273817076029084111658305964741690391482805531269959158015779283931801502621803378266941143297464424552206e-01 6.81848233781650393410385718073828185172576875447807076080593989630982632299307422078844265709155393228500676e-01
EDGES
0 2
0 3
0 4
0 5
0 6
0 7
0 16
0 17
0 18
0 19
0 48
0 49
0 50
0 51
0 52
0 53
0 54
0 55
0 56
0 57
1 2
1 3
1 8
1 9
1 10
1 11
1 20
1 21
1 22
1 23
1 58
1 59
1 60
1 61
1 62
1 63
1 64
1 65
1 66
1 67
2 4
2 5
2 8
2 9
2 24
2 25
2 26
2 27
2 68
2 69
2 70
2 71
2 72
2 73
2 74
2 75
2 76
2 77
3 6
3 7
3 10
3 11
3 28
3 29
3 30
3 31
3 78
3 79
3 80
3 81
3 82
3 83
3 84
3 85
3 86
3 87
4 11
4 12
4 13
4 16
4 24
4 32
4 33
4 88
4 89
4 90
5 10
5 14
5 15
5 17
5 25
5 34
5 35
5 91
5 92
5 93
5 94
5 95
5 96
5 97
5 98
5 99
5 100
5 101
5 102
5 103
5 104
5 105
5 106
5 107
5 108
5 109
6 9
6 12
6 14
6 18
6 28
6 36
6 37
6 110
6 111
6 112
6 113
6 114
6 115
6 116
6 117
6 118
6 119
6 120
6 121
6 122
6 123
6 124
6 125
6 126
6 127
6 128
7 8
7 13
7 15
7 19
7 29
7 38
7 39
7 129
7 130
7 131
8 13
8 15
8 20
8 26
8 40
8 41
8 132
8 133
8 134
8 135
8 136
8 137
8 138
8 139
8 140
8 141
8 142
8 143
8 144
8 145
8 146
8 147
8 148
8 149
8 150
9 12
9 14
9 21
9 27
9 42
9 43
9 151
9 152
9 153
10 14
10 15
10 22
10 30
10 44
10 45
10 154
10 155
10 156
11 12
11 13
11 23
11 31
11 46
11 47
11 157
11 158
11 159
11 160
11 161
11 162
11 163
11 164
11 165
11 166
11 167
11 168
11 169
11 170
11 171
11 172
11 173
11 174
11 175
12 32
12 36
12 42
12 46
12 91
12 92
12 132
12 133
12 176
12 177
12 178
12 179
12 180
12 181
12 182
12 183
13 33
13 38
13 40
13 47
13 93
13 94
13 110
13 111
13 184
13 185
13 186
13 187
13 188
13 189
13 190
13 191
14 34
14 37
14 43
14 44
14 134
14 135
14 157
14 158
14 192
14 193
14 194
14 195
14 196
14 197
14 198
14 199
15 35
15 39
15 41
15 45
15 112
15 113
15 159
15 160
15 200
15 201
15 202
15 203
15 204
15 205
15 206
15 207
16 31
16 36
16 38
16 48
16 88
16 136
16 137
16 208
16 209
16 210
16 211
17 30
17 37
17 39
17 48
17 58
17 59
17 95
17 161
17 162
17 184
17 185
17 212
17 213
17 214
17 215
17 216
17 217
17 218
17 219
17 220
17 221
17 222
17 223
18 27
18 32
18 34
18 49
18 60
18 61
18 114
18 138
18 139
18 186
18 187
18 224
18 225
18 226
18 227
18 228
18 229
18 230
18 231
18 232
18 233
18 234
18 235
19 26
19 33
19 35
19 49
19 129
19 163
19 164
19 236
19 237
19 238
19 239
20 29
20 45
20 47
20 50
20 51
20 62
20 115
20 116
20 140
20 192
20 193
20 240
20 241
20 242
20 243
20 244
20 245
20 246
20 247
20 248
20 249
20 250
20 251
21 28
21 44
21 46
21 62
21 96
21 97
21 151
21 252
21 253
21 254
21 255
22 25
22 41
22 43
22 63
22 117
22 118
22 154
22 256
22 257
22 258
22 259
23 24
23 40
23 42
23 52
23 53
23 63
23 98
23 99
23 165
23 194
23 195
23 260
23 261
23 262
23 263
23 264
23 265
23 266
23 267
23 268
23 269
23 270
23 271
24 40
24 42
24 68
24 89
24 119
24 120
24 272
24 273
24 274
24 275
25 41
25 43
25 68
25 78
25 79
25 100
25 166
25 167
25 176
25 177
25 224
25 225
25 240
25 241
25 276
25 277
25 278
25 279
25 280
25 281
25 282
25 283
26 33
26 35
26 69
26 80
26 81
26 121
26 122
26 141
26 178
26 179
26 212
26 213
26 260
26 261
26 284
26 285
26 286
26 287
26 288
26 289
26 290
26 291
27 32
27 34
27 69
27 152
27 168
27 169
27 292
27 293
27 294
27 295
28 44
28 46
28 70
28 71
28 82
28 123
28 142
28 143
28 200
28 201
28 214
28 215
28 262
28 263
28 296
28 297
28 298
28 299
28 300
28 301
28 302
28 303
29 45
29 47
29 82
29 101
29 102
29 130
29 304
29 305
29 306
29 307
30 37
30 39
30 83
30 144
30 145
30 155
30 308
30 309
30 310
30 311
31 36
31 38
31 72
31 73
31 83
31 103
31 104
31 170
31 202
31 203
31 226
31 227
31 242
31 243
31 312
31 313
31 314
31 315
31 316
31 317
31 318
31 319
32 90
32 180
32 264
32 265
32 284
32 285
33 90
33 188
33 228
33 229
33 312
33 313
34 84
34 85
34 105
34 146
34 147
34 196
34 252
34 253
34 272
34 273
34 286
34 287
34 296
34 297
34 320
34 321
34 322
34 323
35 64
35 65
35 105
35 124
35 125
35 204
35 208
35 209
35 230
35 231
35 244
35 245
35 304
35 305
35 324
35 325
35 326
35 327
36 66
36 67
36 106
36 107
36 126
36 181
36 216
36 217
36 236
36 237
36 266
36 267
36 274
36 275
36 320
36 321
36 328
36 329
37 74
37 75
37 126
37 171
37 172
37 197
37 256
37 257
37 276
37 277
37 306
37 307
37 314
37 315
37 324
37 325
37 330
37 331
38 131
38 189
38 218
38 219
38 288
38 289
39 131
39 205
39 246
39 247
39 316
39 317
40 86
40 87
40 108
40 109
40 148
40 190
40 210
40 211
40 278
40 279
40 292
40 293
40 318
40 319
40 326
40 327
40 332
40 333
41 54
41 55
41 148
41 173
41 174
41 206
41 220
41 221
41 254
41 255
41 268
41 269
41 308
41 309
41 322
41 323
41 334
41 335
42 153
42 182
42 232
42 233
42 280
42 281
43 153
43 198
43 270
43 271
43 298
43 299
44 156
44 199
44 248
44 249
44 282
44 283
45 156
45 207
45 222
45 223
45 300
45 301
46 56
46 57
46 149
46 150
46 175
46 183
46 234
46 235
46 250
46 251
46 258
46 259
46 294
46 295
46 330
46 331
46 332
46 333
47 76
47 77
47 127
47 128
47 175
47 191
47 238
47 239
47 290
47 291
47 302
47 303
47 310
47 311
47 328
47 329
47 334
47 335
48 83
48 126
48 131
49 69
49 90
49 105
50 56
50 61
50 222
50 251
51 57
51 60
51 223
51 250
52 54
52 59
52 232
52 269
53 55
53 58
53 233
53 268
54 117
54 137
54 224
54 268
55 118
55 136
55 225
55 269
56 96
56 164
56 214
56 250
57 97
57 163
57 215
57 251
58 66
58 217
58 246
59 67
59 216
59 247
60 64
60 231
60 264
61 65
61 230
61 265
62 82
62 156
62 175
63 68
63 148
63 153
64 97
64 163
64 230
64 260
65 96
65 164
65 231
65 261
66 118
66 136
66 216
66 242
67 117
67 137
67 217
67 243
68 148
68 153
69 90
69 105
70 76
70 81
70 282
70 303
71 77
71 80
71 283
71 302
72 74
72 79
72 288
72 315
73 75
73 78
73 289
73 314
74 120
74 144
74 213
74 314
75 119
75 145
75 212
75 315
76 101
76 169
76 241
76 302
77 102
77 168
77 240
77 303
78 86
78 279
78 298
79 87
79 278
79 299
80 84
80 287
80 312
81 85
81 286
81 313
82 156
82 175
83 126
83 131
84 102
84 168
84 227
84 286
85 101
85 169
85 226
85 287
86 119
86 145
86 263
86 278
87 120
87 144
87 262
87 279
88 89
88 170
88 181
88 189
89 165
89 182
89 190
91 160
91 216
91 280
92 159
92 217
92 281
93 158
93 218
93 278
94 157
94 219
94 279
95 100
95 155
95 197
95 205
96 214
97 215
98 106
98 162
98 267
98 326
99 107
99 161
99 266
99 327
100 154
100 198
100 206
101 241
102 240
103 108
103 167
103 319
103 320
104 109
104 166
104 318
104 321
106 177
106 202
106 209
106 266
107 176
107 203
107 208
107 267
108 185
108 194
108 273
108 318
109 184
109 195
109 272
109 319
110 135
110 228
110 302
111 134
111 229
111 303
112 133
112 230
112 300
113 132
113 231
113 301
114 123
114 152
114 180
114 196
115 124
115 139
115 245
115 328
116 125
116 138
116 244
116 329
117 224
118 225
119 263
120 262
121 127
121 143
121 291
121 325
122 128
122 142
122 290
122 324
123 151
123 183
123 199
124 178
124 201
124 237
124 244
125 179
125 200
125 236
125 245
127 187
127 192
127 290
127 307
128 186
128 193
128 291
128 306
129 130
129 141
129 188
129 204
130 140
130 191
130 207
132 250
132 284
133 251
133 285
134 248
134 286
135 249
135 287
136 242
137 243
138 149
138 235
138 323
139 150
139 234
139 322
140 141
140 191
140 207
141 188
141 204
142 146
142 297
142 332
143 147
143 296
143 333
144 213
145 212
146 186
146 193
146 293
146 296
147 187
147 192
147 292
147 297
149 179
149 200
149 234
149 255
150 178
150 201
150 235
150 254
151 152
151 183
151 199
152 180
152 196
154 155
154 198
154 206
155 197
155 205
157 270
157 314
158 271
158 315
159 268
159 316
160 269
160 317
161 173
161 221
161 331
162 174
162 220
162 330
163 260
164 261
165 170
165 182
165 190
166 171
166 277
166 335
167 172
167 276
167 334
168 227
169 226
170 181
170 189
171 184
171 195
171 276
171 311
172 185
172 194
172 277
172 310
173 176
173 203
173 220
173 259
174 177
174 202
174 221
174 258
176 259
177 258
178 237
179 236
180 183
181 182
184 311
185 310
186 293
187 292
188 191
189 190
192 307
193 306
194 273
195 272
196 199
197 198
200 255
201 254
202 209
203 208
204 207
205 206
208 210
208 327
209 211
209 326
210 267
210 326
211 266
211 327
212 218
212 289
213 219
213 288
214 222
214 301
215 223
215 300
216 317
217 316
218 288
218 315
219 289
219 314
220 257
221 256
222 300
223 301
224 232
224 281
225 233
225 280
226 228
226 313
227 229
227 312
228 287
228 312
229 286
229 313
230 285
231 284
232 280
233 281
234 253
235 252
236 238
236 329
237 239
237 328
238 245
238 328
239 244
239 329
240 248
240 283
241 249
241 282
242 246
242 317
243 247
243 316
246 316
247 317
248 282
248 303
249 283
249 302
250 301
251 300
252 254
252 323
253 255
253 322
254 322
255 323
256 258
256 331
257 259
257 330
258 330
259 331
260 264
260 285
261 265
261 284
262 270
262 299
263 271
263 298
264 284
265 285
268 281
269 280
270 279
270 298
271 278
271 299
272 274
272 321
273 275
273 320
274 319
274 320
275 318
275 321
276 309
277 308
290 305
291 304
292 294
292 333
293 295
293 332
294 297
294 332
295 296
295 333
304 306
304 325
305 307
305 324
306 324
307 325
308 310
308 335
309 311
309 334
310 334
311 335
DONE