NODES
0 0.00000000000000000000000000000000000000000000000000000000000000000000000000000000000000000000000000000000000e+00 0.00000000000000000000000000000000000000000000000000000000000000000000000000000000000000000000000000000000000e+00
1 8.66025403784438646763723170752936183471402626905190314027903489725966508454400018540573093378624287837813176e-01 -5.00000000000000000000000000000000000000000000000000000000000000000000000000000000000000000000000000000000000e-01
2 8.66025403784438646763723170752936183471402626905190314027903489725966508454400018540573093378624287837813176e-01 5.00000000000000000000000000000000000000000000000000000000000000000000000000000000000000000000000000000000000e-01
3 9.98073235683315526396013703683337376553426234553438061444809753614679143929420336009547861076211127440428992e-01 6.20468872115023883208842890182441098516887048318993639749897892138250601214503855855937804663990102016298987e-02
4 4.45302437290748884876858247571556262565578143621879128601696062595265036827913028224740627888162685622593476e-01 8.95380220544835721654217622351577443185022038165232697308323122547158393454783718918927113799732343534963386e-01
5 1.86409863946775417315973687443627356002482886145862837547271324334064565238382035455012095445483541527824260e+00 -4.37953112788497611679115710981755890148311295168100636025010210786174939878549614414406219533600989798370674e-01
6 1.31132784107518753164058141832449244603698077052706944262959955232123154528231304676531372126678697346040600e+00 3.95380220544835721654217622351577443185022038165232697308323122547158393454783718918927113799732343534963168e-01
7 1.86409863946775417315973687443627356002482886145862837547271324334064565238382035455012095445483541527824173e+00 5.62046887211502388320884289018244109851688704831899363974989789213825060121450385585593780466399010201631070e-01
8 1.31132784107518753164058141832449244603698077052706944262959955232123154528231304676531372126678697346040774e+00 1.39538022054483572165421762235157744318502203816523269730832312254715839345478371891892711379973234353496382e+00
EDGES
0 1
0 2
0 3
0 4
1 2
1 5
1 6
2 7
2 8
3 4
3 5
3 7
4 6
4 8
5 6
5 7
6 8
7 8
DONE