NODES
0 0.00000000000000000000000000000000000000000000000000000000000000000000000000000000000000000000000000000000000e+00 0.00000000000000000000000000000000000000000000000000000000000000000000000000000000000000000000000000000000000e+00
1 8.66025403784438646763723170752936183471402626905190314027903489725966508454400018540573093378624287837813176e-01 -5.00000000000000000000000000000000000000000000000000000000000000000000000000000000000000000000000000000000000e-01
2 8.66025403784438646763723170752936183471402626905190314027903489725966508454400018540573093378624287837813176e-01 5.00000000000000000000000000000000000000000000000000000000000000000000000000000000000000000000000000000000000e-01
3 1.73205080756887729352744634150587236694280525381038062805580697945193301690880003708114618675724857567562635e+00 0.00000000000000000000000000000000000000000000000000000000000000000000000000000000000000000000000000000000000e+00
4 9.98073235683315526396013703683337376553426234553438061444809753614679143929420336009547861076211127440428992e-01 6.20468872115023883208842890182441098516887048318993639749897892138250601214503855855937804663990102016298987e-02
5 4.45302437290748884876858247571556262565578143621879128601696062595265036827913028224740627888162685622593476e-01 8.95380220544835721654217622351577443185022038165232697308323122547158393454783718918927113799732343534963386e-01
6 1.44337567297406441127287195125489363911900437817531719004650581620994418075733336423428848896437381306302225e+00 9.57427107756338109975101911369821553036710742997132061283312911760983453576234104504520894266131353736593149e-01
7 0.00000000000000000000000000000000000000000000000000000000000000000000000000000000000000000000000000000000000e+00 -1.00000000000000000000000000000000000000000000000000000000000000000000000000000000000000000000000000000000000e+00
8 0.00000000000000000000000000000000000000000000000000000000000000000000000000000000000000000000000000000000000e+00 1.00000000000000000000000000000000000000000000000000000000000000000000000000000000000000000000000000000000000e+00
9 5.52770798392566641519155456111781113987848090931558932843113691019414107101507307784807233188048441817835734e-01 -8.33333333333333333333333333333333333333333333333333333333333333333333333333333333333333333333333333333333624e-01
10 -5.52770798392566641519155456111781113987848090931558932843113691019414107101507307784807233188048441817835298e-01 8.33333333333333333333333333333333333333333333333333333333333333333333333333333333333333333333333333333333624e-01
11 1.73205080756887729352744634150587236694280525381038062805580697945193301690880003708114618675724857567562635e+00 -1.00000000000000000000000000000000000000000000000000000000000000000000000000000000000000000000000000000000000e+00
12 1.86409863946775417315973687443627356002482886145862837547271324334064565238382035455012095445483541527824260e+00 -4.37953112788497611679115710981755890148311295168100636025010210786174939878549614414406219533600989798370674e-01
13 1.31132784107518753164058141832449244603698077052706944262959955232123154528231304676531372126678697346040600e+00 3.95380220544835721654217622351577443185022038165232697308323122547158393454783718918927113799732343534963168e-01
14 5.77350269189625764509148780501957455647601751270126876018602326483977672302933345693715395585749525225209947e-01 4.57427107756338109975101911369821553036710742997132061283312911760983453576234104504520894266131353736593149e-01
15 1.73205080756887729352744634150587236694280525381038062805580697945193301690880003708114618675724857567562635e+00 1.00000000000000000000000000000000000000000000000000000000000000000000000000000000000000000000000000000000000e+00
16 1.86409863946775417315973687443627356002482886145862837547271324334064565238382035455012095445483541527824173e+00 5.62046887211502388320884289018244109851688704831899363974989789213825060121450385585593780466399010201631070e-01
17 1.31132784107518753164058141832449244603698077052706944262959955232123154528231304676531372126678697346040774e+00 1.39538022054483572165421762235157744318502203816523269730832312254715839345478371891892711379973234353496382e+00
18 5.77350269189625764509148780501957455647601751270126876018602326483977672302933345693715395585749525225209511e-01 1.45742710775633810997510191136982155303671074299713206128331291176098345357623410450452089426613135373659315e+00
19 1.28674837027812840865058809393431610437722711018850149945411091685666798008088700885640555886908589005303266e+00 -8.95380220544835721654217622351577443185022038165232697308323122547158393454783718918927113799732343534962514e-01
20 7.33977571885561767131432637822534990389379019256942566610997225837253872979379701071598325681037448235198232e-01 -6.20468872115023883208842890182441098516887048318993639749897892138250601214503855855937804663990102016291084e-02
21 7.58557042682620890121425962212711332049132679595510509786485861301817438180805738980506488078738531642570701e-01 2.28713553878169054987550955684910776518355371498566030641656455880491726788117052252260447133065676868296792e-01
22 2.41686943786032081467889233054805467401267695239018730831582693436005975948532766233492818764288385709607747e+00 7.28713553878169054987550955684910776518355371498566030641656455880491726788117052252260447133065676868296574e-01
23 1.99614647136663105279202740736667475310685246910687612288961950722935828785884067201909572215242225488085711e+00 1.24093774423004776641768578036488219703377409663798727949979578427650120242900771171187560932798020403259743e-01
24 8.90604874581497769753716495143112525131156287243758257203392125190530073655826056449481255776325371245186953e-01 1.79076044108967144330843524470315488637004407633046539461664624509431678690956743783785422759946468706992677e+00
EDGES
0 1
0 2
0 4
0 5
0 7
0 8
0 9
0 10
1 2
1 3
1 7
1 11
1 12
1 13
1 14
2 3
2 8
2 15
2 16
2 17
2 18
3 6
3 11
3 15
3 19
3 20
3 21
3 22
4 5
4 6
4 9
4 12
4 16
4 19
4 23
5 6
5 10
5 13
5 17
5 20
5 24
6 14
6 18
6 21
6 22
6 23
6 24
12 13
12 16
13 17
14 18
16 17
19 20
DONE