NODES
0 0.00000000000000000000000000000000000000000000000000000000000000000000000000000000000000000000000000000000000e+00 0.00000000000000000000000000000000000000000000000000000000000000000000000000000000000000000000000000000000000e+00
1 8.66025403784438646763723170752936183471402626905190314027903489725966508454400018540573093378624287837813176e-01 -5.00000000000000000000000000000000000000000000000000000000000000000000000000000000000000000000000000000000000e-01
2 8.66025403784438646763723170752936183471402626905190314027903489725966508454400018540573093378624287837813176e-01 5.00000000000000000000000000000000000000000000000000000000000000000000000000000000000000000000000000000000000e-01
3 9.98073235683315526396013703683337376553426234553438061444809753614679143929420336009547861076211127440428992e-01 6.20468872115023883208842890182441098516887048318993639749897892138250601214503855855937804663990102016298987e-02
4 4.45302437290748884876858247571556262565578143621879128601696062595265036827913028224740627888162685622593476e-01 8.95380220544835721654217622351577443185022038165232697308323122547158393454783718918927113799732343534963386e-01
5 1.86409863946775417315973687443627356002482886145862837547271324334064565238382035455012095445483541527824260e+00 -4.37953112788497611679115710981755890148311295168100636025010210786174939878549614414406219533600989798370674e-01
6 1.31132784107518753164058141832449244603698077052706944262959955232123154528231304676531372126678697346040600e+00 3.95380220544835721654217622351577443185022038165232697308323122547158393454783718918927113799732343534963168e-01
7 1.86409863946775417315973687443627356002482886145862837547271324334064565238382035455012095445483541527824173e+00 5.62046887211502388320884289018244109851688704831899363974989789213825060121450385585593780466399010201631070e-01
8 1.31132784107518753164058141832449244603698077052706944262959955232123154528231304676531372126678697346040774e+00 1.39538022054483572165421762235157744318502203816523269730832312254715839345478371891892711379973234353496382e+00
9 0.00000000000000000000000000000000000000000000000000000000000000000000000000000000000000000000000000000000000e+00 -1.00000000000000000000000000000000000000000000000000000000000000000000000000000000000000000000000000000000000e+00
10 0.00000000000000000000000000000000000000000000000000000000000000000000000000000000000000000000000000000000000e+00 1.00000000000000000000000000000000000000000000000000000000000000000000000000000000000000000000000000000000000e+00
11 5.52770798392566641519155456111781113987848090931558932843113691019414107101507307784807233188048441817835734e-01 -8.33333333333333333333333333333333333333333333333333333333333333333333333333333333333333333333333333333333624e-01
12 -5.52770798392566641519155456111781113987848090931558932843113691019414107101507307784807233188048441817835298e-01 8.33333333333333333333333333333333333333333333333333333333333333333333333333333333333333333333333333333333624e-01
13 1.73205080756887729352744634150587236694280525381038062805580697945193301690880003708114618675724857567562635e+00 0.00000000000000000000000000000000000000000000000000000000000000000000000000000000000000000000000000000000000e+00
14 1.41879620217700528828287862686471729745925071783674924687101718074538061555590732632538032656667272965564804e+00 -1.33333333333333333333333333333333333333333333333333333333333333333333333333333333333333333333333333333333275e+00
15 3.13254605391872005244567714641155069483554535973631381184789798706552401352892710755765860190575846019977878e-01 3.33333333333333333333333333333333333333333333333333333333333333333333333333333333333333333333333333333333188e-01
16 1.41879620217700528828287862686471729745925071783674924687101718074538061555590732632538032656667272965564978e+00 -3.33333333333333333333333333333333333333333333333333333333333333333333333333333333333333333333333333333332752e-01
17 3.13254605391872005244567714641155069483554535973631381184789798706552401352892710755765860190575846019978314e-01 1.33333333333333333333333333333333333333333333333333333333333333333333333333333333333333333333333333333333450e+00
18 1.44337567297406441127287195125489363911900437817531719004650581620994418075733336423428848896437381306302225e+00 9.57427107756338109975101911369821553036710742997132061283312911760983453576234104504520894266131353736593585e-01
19 9.98073235683315526396013703683337376553426234553438061444809753614679143929420336009547861076211127440429428e-01 -9.37953112788497611679115710981755890148311295168100636025010210786174939878549614414406219533600989798369802e-01
20 9.98073235683315526396013703683337376553426234553438061444809753614679143929420336009547861076211127440427684e-01 1.06204688721150238832088428901824410985168870483189936397498978921382506012145038558559378046639901020163107e+00
21 4.45302437290748884876858247571556262565578143621879128601696062595265036827913028224740627888162685622592822e-01 -1.04619779455164278345782377648422556814977961834767302691676877452841606545216281081072886200267656465036614e-01
22 4.45302437290748884876858247571556262565578143621879128601696062595265036827913028224740627888162685622594348e-01 1.89538022054483572165421762235157744318502203816523269730832312254715839345478371891892711379973234353496382e+00
23 2.30940107675850305803659512200782982259040700508050750407440930593591068921173338277486158234299810090083455e+00 4.57427107756338109975101911369821553036710742997132061283312911760983453576234104504520894266131353736593149e-01
24 2.73012404325219281992346004518920974349623148836381868950061673306661216083822037309069404783345970311605491e+00 6.20468872115023883208842890182441098516887048318993639749897892138250601214503855855937804663990102016309614e-02
25 2.17735324485962617840430458907742862950838339743225975665750304204719805373671306530588681464541126129822005e+00 8.95380220544835721654217622351577443185022038165232697308323122547158393454783718918927113799732343534962514e-01
26 2.30940107675850305803659512200782982259040700508050750407440930593591068921173338277486158234299810090083630e+00 1.45742710775633810997510191136982155303671074299713206128331291176098345357623410450452089426613135373659402e+00
27 8.66025403784438646763723170752936183471402626905190314027903489725966508454400018540573093378624287837813176e-01 -1.50000000000000000000000000000000000000000000000000000000000000000000000000000000000000000000000000000000000e+00
28 1.73205080756887729352744634150587236694280525381038062805580697945193301690880003708114618675724857567562635e+00 -1.00000000000000000000000000000000000000000000000000000000000000000000000000000000000000000000000000000000000e+00
29 4.20722966493689761886864923181379920905824483283311185426207427130701471626486990315832465490461602215219481e-01 -1.39538022054483572165421762235157744318502203816523269730832312254715839345478371891892711379973234353496295e+00
30 -1.32047831898876879632290532930401193082023607648247747416906263888712635475020317468974767697586839602615380e-01 -5.62046887211502388320884289018244109851688704831899363974989789213825060121450385585593780466399010201630198e-01
31 5.77350269189625764509148780501957455647601751270126876018602326483977672302933345693715395585749525225209947e-01 4.57427107756338109975101911369821553036710742997132061283312911760983453576234104504520894266131353736593149e-01
32 1.55084403407588216791516915979511849054127432548499699428792344463409325103092764379435509426425956925826255e+00 2.28713553878169054987550955684910776518355371498566030641656455880491726788117052252260447133065676868297664e-01
33 8.66025403784438646763723170752936183471402626905190314027903489725966508454400018540573093378624287837813176e-01 1.50000000000000000000000000000000000000000000000000000000000000000000000000000000000000000000000000000000000e+00
34 1.73205080756887729352744634150587236694280525381038062805580697945193301690880003708114618675724857567562635e+00 1.00000000000000000000000000000000000000000000000000000000000000000000000000000000000000000000000000000000000e+00
35 4.20722966493689761886864923181379920905824483283311185426207427130701471626486990315832465490461602215220789e-01 -3.95380220544835721654217622351577443185022038165232697308323122547158393454783718918927113799732343534963822e-01
36 -1.32047831898876879632290532930401193082023607648247747416906263888712635475020317468974767697586839602614944e-01 4.37953112788497611679115710981755890148311295168100636025010210786174939878549614414406219533600989798371764e-01
37 5.77350269189625764509148780501957455647601751270126876018602326483977672302933345693715395585749525225209511e-01 1.45742710775633810997510191136982155303671074299713206128331291176098345357623410450452089426613135373659228e+00
38 -1.07468361101817756642297208540224851422269947309679804241417628424149070273594279560066605299885756195242039e-01 7.28713553878169054987550955684910776518355371498566030641656455880491726788117052252260447133065676868297446e-01
39 1.55084403407588216791516915979511849054127432548499699428792344463409325103092764379435509426425956925826516e+00 -7.71286446121830945012449044315089223481644628501433969358343544119508273211882947747739552866934323131703426e-01
40 1.28674837027812840865058809393431610437722711018850149945411091685666798008088700885640555886908589005303266e+00 -8.95380220544835721654217622351577443185022038165232697308323122547158393454783718918927113799732343534962514e-01
41 3.13254605391872005244567714641155069483554535973631381184789798706552401352892710755765860190575846019978314e-01 -6.66666666666666666666666666666666666666666666666666666666666666666666666666666666666666666666666666666666812e-01
42 1.99614647136663105279202740736667475310685246910687612288961950722935828785884067201909572215242225488085798e+00 1.24093774423004776641768578036488219703377409663798727949979578427650120242900771171187560932798020403259743e-01
43 1.32047831898876879632290532930401193082023607648247747416906263888712635475020317468974767697586839602616252e-01 -4.37953112788497611679115710981755890148311295168100636025010210786174939878549614414406219533600989798370238e-01
44 1.32047831898876879632290532930401193082023607648247747416906263888712635475020317468974767697586839602615816e-01 5.62046887211502388320884289018244109851688704831899363974989789213825060121450385585593780466399010201628890e-01
45 -1.07468361101817756642297208540224851422269947309679804241417628424149070273594279560066605299885756195241930e-01 1.72871355387816905498755095568491077651835537149856603064165645588049172678811705225226044713306567686829657e+00
46 7.33977571885561767131432637822534990389379019256942566610997225837253872979379701071598325681037448235198232e-01 -6.20468872115023883208842890182441098516887048318993639749897892138250601214503855855937804663990102016291084e-02
47 1.41879620217700528828287862686471729745925071783674924687101718074538061555590732632538032656667272965564891e+00 6.66666666666666666666666666666666666666666666666666666666666666666666666666666666666666666666666666666666812e-01
48 8.90604874581497769753716495143112525131156287243758257203392125190530073655826056449481255776325371245186517e-01 1.79076044108967144330843524470315488637004407633046539461664624509431678690956743783785422759946468706992677e+00
49 -4.20722966493689761886864923181379920905824483283311185426207427130701471626486990315832465490461602215219917e-01 3.95380220544835721654217622351577443185022038165232697308323122547158393454783718918927113799732343534964040e-01
50 -4.20722966493689761886864923181379920905824483283311185426207427130701471626486990315832465490461602215219263e-01 1.39538022054483572165421762235157744318502203816523269730832312254715839345478371891892711379973234353496469e+00
51 7.58557042682620890121425962212711332049132679595510509786485861301817438180805738980506488078738531642570265e-01 1.22871355387816905498755095568491077651835537149856603064165645588049172678811705225226044713306567686829657e+00
52 2.28482160596144393504660179761765348093065334474193956089892067047134712401030734486595341994529701749346121e+00 1.66666666666666666666666666666666666666666666666666666666666666666666666666666666666666666666666666666669101e-01
53 1.99614647136663105279202740736667475310685246910687612288961950722935828785884067201909572215242225488085537e+00 1.12409377442300477664176857803648821970337740966379872794997957842765012024290077117118756093279802040326040e+00
54 1.31132784107518753164058141832449244603698077052706944262959955232123154528231304676531372126678697346040600e+00 -6.04619779455164278345782377648422556814977961834767302691676877452841606545216281081072886200267656465036614e-01
55 1.75663027836593641651743966589604870860255891414894857123129561491649658211022607499005434915494965908299882e+00 1.29076044108967144330843524470315488637004407633046539461664624509431678690956743783785422759946468706992590e+00
56 2.17735324485962617840430458907742862950838339743225975665750304204719805373671306530588681464541126129821830e+00 -1.04619779455164278345782377648422556814977961834767302691676877452841606545216281081072886200267656465037922e-01
57 1.17928000917631065200829088539409125295495716287882169521269328843251890980729272929633895356920013385779149e+00 -1.66666666666666666666666666666666666666666666666666666666666666666666666666666666666666666666666666666666158e-01
58 2.41686943786032081467889233054805467401267695239018730831582693436005975948532766233492818764288385709607921e+00 -2.71286446121830945012449044315089223481644628501433969358343544119508273211882947747739552866934323131701682e-01
59 1.86409863946775417315973687443627356002482886145862837547271324334064565238382035455012095445483541527824086e+00 1.56204688721150238832088428901824410985168870483189936397498978921382506012145038558559378046639901020163107e+00
60 8.90604874581497769753716495143112525131156287243758257203392125190530073655826056449481255776325371245186081e-01 7.90760441089671443308435244703154886370044076330465394616646245094316786909567437837854227599464687069926773e-01
61 2.73012404325219281992346004518920974349623148836381868950061673306661216083822037309069404783345970311605491e+00 1.06204688721150238832088428901824410985168870483189936397498978921382506012145038558559378046639901020163107e+00
62 2.86217187515106969955575057811961093657825509601206643691752299695532479631324069055966881553104654271867116e+00 6.24093774423004776641768578036488219703377409663798727949979578427650120242900771171187560932798020403259089e-01
63 -5.52770798392566641519155456111781113987848090931558932843113691019414107101507307784807233188048441817834426e-01 -1.66666666666666666666666666666666666666666666666666666666666666666666666666666666666666666666666666666666267e-01
64 5.52770798392566641519155456111781113987848090931558932843113691019414107101507307784807233188048441817834862e-01 1.66666666666666666666666666666666666666666666666666666666666666666666666666666666666666666666666666666666376e-01
65 2.28482160596144393504660179761765348093065334474193956089892067047134712401030734486595341994529701749346121e+00 -8.33333333333333333333333333333333333333333333333333333333333333333333333333333333333333333333333333333333624e-01
66 1.17928000917631065200829088539409125295495716287882169521269328843251890980729272929633895356920013385779062e+00 8.33333333333333333333333333333333333333333333333333333333333333333333333333333333333333333333333333333333624e-01
67 7.58557042682620890121425962212711332049132679595510509786485861301817438180805738980506488078738531642571573e-01 2.28713553878169054987550955684910776518355371498566030641656455880491726788117052252260447133065676868297337e-01
68 2.41686943786032081467889233054805467401267695239018730831582693436005975948532766233492818764288385709607747e+00 7.28713553878169054987550955684910776518355371498566030641656455880491726788117052252260447133065676868296138e-01
69 2.45794707970591229899933243901763416597536603385679431754886354645635652014260379089081623977010834073720329e-02 1.29076044108967144330843524470315488637004407633046539461664624509431678690956743783785422759946468706992590e+00
70 1.28674837027812840865058809393431610437722711018850149945411091685666798008088700885640555886908589005303440e+00 1.04619779455164278345782377648422556814977961834767302691676877452841606545216281081072886200267656465038358e-01
71 7.33977571885561767131432637822534990389379019256942566610997225837253872979379701071598325681037448235198668e-01 -1.06204688721150238832088428901824410985168870483189936397498978921382506012145038558559378046639901020162933e+00
72 1.13012106758219240602830423661373856963544984220168580886171601750339177940444065347852262877379796704304394e+00 6.24093774423004776641768578036488219703377409663798727949979578427650120242900771171187560932798020403259525e-01
73 1.44337567297406441127287195125489363911900437817531719004650581620994418075733336423428848896437381306302138e+00 -4.25728922436618900248980886301784469632892570028679387166870882390165464237658954954791057338686462634063334e-02
74 1.44337567297406441127287195125489363911900437817531719004650581620994418075733336423428848896437381306302138e+00 1.95742710775633810997510191136982155303671074299713206128331291176098345357623410450452089426613135373659315e+00
EDGES
0 1
0 2
0 3
0 4
0 9
0 10
0 11
0 12
1 2
1 5
1 6
1 9
1 13
1 14
1 15
1 27
1 28
1 29
1 30
1 31
1 32
2 7
2 8
2 10
2 13
2 16
2 17
2 33
2 34
2 35
2 36
2 37
2 38
3 4
3 5
3 7
3 11
3 18
3 19
3 20
3 39
3 40
3 41
3 42
3 43
3 44
4 6
4 8
4 12
4 18
4 21
4 22
4 45
4 46
4 47
4 48
4 49
4 50
5 6
5 7
5 14
5 19
5 23
5 24
6 8
6 15
6 21
6 23
6 25
6 51
6 52
6 53
6 54
6 55
6 56
7 8
7 16
7 20
7 24
7 26
7 57
7 58
7 59
7 60
7 61
7 62
8 17
8 22
8 25
8 26
9 19
9 21
9 27
9 63
10 20
10 22
10 33
10 64
11 14
11 16
11 39
11 64
12 15
12 17
12 45
12 63
13 18
13 24
13 25
13 28
13 34
13 40
13 46
13 65
13 66
13 67
13 68
14 16
14 29
14 65
15 17
15 20
15 30
15 41
15 51
15 57
15 63
15 66
15 69
15 70
16 21
16 35
16 47
16 52
16 58
16 64
16 65
16 71
16 72
17 36
17 66
18 23
18 26
18 31
18 37
18 42
18 48
18 67
18 68
18 73
18 74
19 21
19 43
19 73
20 22
20 32
20 44
20 53
20 59
20 64
20 69
20 70
20 74
21 38
21 49
21 54
21 60
21 63
21 71
21 72
21 73
22 50
22 74
23 26
23 55
23 73
24 25
24 61
24 65
25 56
25 66
26 62
26 74
27 28
27 39
27 41
27 54
28 56
28 57
28 58
28 71
28 73
29 30
29 35
29 40
29 43
30 36
30 46
30 49
30 64
30 71
31 32
31 37
31 43
31 49
31 69
31 73
32 39
32 53
32 58
32 64
32 68
33 34
33 45
33 47
33 59
34 51
34 52
34 61
34 70
34 74
35 36
35 40
35 44
35 63
35 70
36 46
36 50
37 38
37 44
37 50
37 72
37 74
38 45
38 51
38 60
38 63
38 67
39 42
39 58
40 41
40 46
40 65
40 70
41 54
41 57
41 63
41 67
42 53
42 54
42 62
42 65
42 72
43 44
43 49
44 50
44 63
44 72
45 48
45 51
46 47
46 66
46 71
47 52
47 59
47 64
47 68
48 55
48 59
48 60
48 66
48 69
49 50
49 64
49 69
51 55
51 67
51 74
52 53
52 61
52 65
52 70
53 62
53 72
53 74
54 56
54 65
54 67
55 60
55 61
56 57
56 62
57 60
57 66
57 71
58 62
58 68
58 73
59 61
59 66
59 68
60 69
60 73
DONE