NODES
0 0.00000000000000000000000000000000000000000000000000000000000000000000000000000000000000000000000000000000000e+00 0.00000000000000000000000000000000000000000000000000000000000000000000000000000000000000000000000000000000000e+00
1 8.66025403784438646763723170752936183471402626905190314027903489725966508454400018540573093378624287837813176e-01 -5.00000000000000000000000000000000000000000000000000000000000000000000000000000000000000000000000000000000000e-01
2 8.66025403784438646763723170752936183471402626905190314027903489725966508454400018540573093378624287837813176e-01 5.00000000000000000000000000000000000000000000000000000000000000000000000000000000000000000000000000000000000e-01
3 9.98073235683315526396013703683337376553426234553438061444809753614679143929420336009547861076211127440428992e-01 6.20468872115023883208842890182441098516887048318993639749897892138250601214503855855937804663990102016298987e-02
4 4.45302437290748884876858247571556262565578143621879128601696062595265036827913028224740627888162685622593476e-01 8.95380220544835721654217622351577443185022038165232697308323122547158393454783718918927113799732343534963386e-01
5 1.86409863946775417315973687443627356002482886145862837547271324334064565238382035455012095445483541527824260e+00 -4.37953112788497611679115710981755890148311295168100636025010210786174939878549614414406219533600989798370674e-01
6 1.31132784107518753164058141832449244603698077052706944262959955232123154528231304676531372126678697346040600e+00 3.95380220544835721654217622351577443185022038165232697308323122547158393454783718918927113799732343534963168e-01
7 1.86409863946775417315973687443627356002482886145862837547271324334064565238382035455012095445483541527824173e+00 5.62046887211502388320884289018244109851688704831899363974989789213825060121450385585593780466399010201631070e-01
8 1.31132784107518753164058141832449244603698077052706944262959955232123154528231304676531372126678697346040774e+00 1.39538022054483572165421762235157744318502203816523269730832312254715839345478371891892711379973234353496382e+00
9 0.00000000000000000000000000000000000000000000000000000000000000000000000000000000000000000000000000000000000e+00 -1.00000000000000000000000000000000000000000000000000000000000000000000000000000000000000000000000000000000000e+00
10 0.00000000000000000000000000000000000000000000000000000000000000000000000000000000000000000000000000000000000e+00 1.00000000000000000000000000000000000000000000000000000000000000000000000000000000000000000000000000000000000e+00
11 5.52770798392566641519155456111781113987848090931558932843113691019414107101507307784807233188048441817835734e-01 -8.33333333333333333333333333333333333333333333333333333333333333333333333333333333333333333333333333333333624e-01
12 -5.52770798392566641519155456111781113987848090931558932843113691019414107101507307784807233188048441817835298e-01 8.33333333333333333333333333333333333333333333333333333333333333333333333333333333333333333333333333333333624e-01
13 1.73205080756887729352744634150587236694280525381038062805580697945193301690880003708114618675724857567562635e+00 0.00000000000000000000000000000000000000000000000000000000000000000000000000000000000000000000000000000000000e+00
14 1.41879620217700528828287862686471729745925071783674924687101718074538061555590732632538032656667272965564804e+00 -1.33333333333333333333333333333333333333333333333333333333333333333333333333333333333333333333333333333333275e+00
15 3.13254605391872005244567714641155069483554535973631381184789798706552401352892710755765860190575846019977878e-01 3.33333333333333333333333333333333333333333333333333333333333333333333333333333333333333333333333333333333188e-01
16 1.41879620217700528828287862686471729745925071783674924687101718074538061555590732632538032656667272965564978e+00 -3.33333333333333333333333333333333333333333333333333333333333333333333333333333333333333333333333333333332752e-01
17 3.13254605391872005244567714641155069483554535973631381184789798706552401352892710755765860190575846019978314e-01 1.33333333333333333333333333333333333333333333333333333333333333333333333333333333333333333333333333333333450e+00
18 1.44337567297406441127287195125489363911900437817531719004650581620994418075733336423428848896437381306302225e+00 9.57427107756338109975101911369821553036710742997132061283312911760983453576234104504520894266131353736593585e-01
19 9.98073235683315526396013703683337376553426234553438061444809753614679143929420336009547861076211127440429428e-01 -9.37953112788497611679115710981755890148311295168100636025010210786174939878549614414406219533600989798369802e-01
20 9.98073235683315526396013703683337376553426234553438061444809753614679143929420336009547861076211127440427684e-01 1.06204688721150238832088428901824410985168870483189936397498978921382506012145038558559378046639901020163107e+00
21 4.45302437290748884876858247571556262565578143621879128601696062595265036827913028224740627888162685622592822e-01 -1.04619779455164278345782377648422556814977961834767302691676877452841606545216281081072886200267656465036614e-01
22 4.45302437290748884876858247571556262565578143621879128601696062595265036827913028224740627888162685622594348e-01 1.89538022054483572165421762235157744318502203816523269730832312254715839345478371891892711379973234353496382e+00
23 2.30940107675850305803659512200782982259040700508050750407440930593591068921173338277486158234299810090083455e+00 4.57427107756338109975101911369821553036710742997132061283312911760983453576234104504520894266131353736593149e-01
24 2.73012404325219281992346004518920974349623148836381868950061673306661216083822037309069404783345970311605491e+00 6.20468872115023883208842890182441098516887048318993639749897892138250601214503855855937804663990102016309614e-02
25 2.17735324485962617840430458907742862950838339743225975665750304204719805373671306530588681464541126129822005e+00 8.95380220544835721654217622351577443185022038165232697308323122547158393454783718918927113799732343534962514e-01
26 2.30940107675850305803659512200782982259040700508050750407440930593591068921173338277486158234299810090083630e+00 1.45742710775633810997510191136982155303671074299713206128331291176098345357623410450452089426613135373659402e+00
27 -8.66025403784438646763723170752936183471402626905190314027903489725966508454400018540573093378624287837813176e-01 -5.00000000000000000000000000000000000000000000000000000000000000000000000000000000000000000000000000000000000e-01
28 -8.66025403784438646763723170752936183471402626905190314027903489725966508454400018540573093378624287837813176e-01 5.00000000000000000000000000000000000000000000000000000000000000000000000000000000000000000000000000000000000e-01
29 -4.45302437290748884876858247571556262565578143621879128601696062595265036827913028224740627888162685622593258e-01 -8.95380220544835721654217622351577443185022038165232697308323122547158393454783718918927113799732343534963822e-01
30 -9.98073235683315526396013703683337376553426234553438061444809753614679143929420336009547861076211127440428556e-01 -6.20468872115023883208842890182441098516887048318993639749897892138250601214503855855937804663990102016295444e-02
31 8.66025403784438646763723170752936183471402626905190314027903489725966508454400018540573093378624287837813176e-01 -1.50000000000000000000000000000000000000000000000000000000000000000000000000000000000000000000000000000000000e+00
32 1.73205080756887729352744634150587236694280525381038062805580697945193301690880003708114618675724857567562635e+00 -1.00000000000000000000000000000000000000000000000000000000000000000000000000000000000000000000000000000000000e+00
33 4.20722966493689761886864923181379920905824483283311185426207427130701471626486990315832465490461602215219481e-01 -1.39538022054483572165421762235157744318502203816523269730832312254715839345478371891892711379973234353496295e+00
34 -1.32047831898876879632290532930401193082023607648247747416906263888712635475020317468974767697586839602615380e-01 -5.62046887211502388320884289018244109851688704831899363974989789213825060121450385585593780466399010201630198e-01
35 5.77350269189625764509148780501957455647601751270126876018602326483977672302933345693715395585749525225209947e-01 4.57427107756338109975101911369821553036710742997132061283312911760983453576234104504520894266131353736593149e-01
36 1.55084403407588216791516915979511849054127432548499699428792344463409325103092764379435509426425956925826255e+00 2.28713553878169054987550955684910776518355371498566030641656455880491726788117052252260447133065676868297664e-01
37 8.66025403784438646763723170752936183471402626905190314027903489725966508454400018540573093378624287837813176e-01 1.50000000000000000000000000000000000000000000000000000000000000000000000000000000000000000000000000000000000e+00
38 1.73205080756887729352744634150587236694280525381038062805580697945193301690880003708114618675724857567562635e+00 1.00000000000000000000000000000000000000000000000000000000000000000000000000000000000000000000000000000000000e+00
39 4.20722966493689761886864923181379920905824483283311185426207427130701471626486990315832465490461602215220789e-01 -3.95380220544835721654217622351577443185022038165232697308323122547158393454783718918927113799732343534963822e-01
40 -1.32047831898876879632290532930401193082023607648247747416906263888712635475020317468974767697586839602614944e-01 4.37953112788497611679115710981755890148311295168100636025010210786174939878549614414406219533600989798371764e-01
41 5.77350269189625764509148780501957455647601751270126876018602326483977672302933345693715395585749525225209511e-01 1.45742710775633810997510191136982155303671074299713206128331291176098345357623410450452089426613135373659228e+00
42 1.62104163029356779178288643147576591544661926472041249328282816848760938496378881938875526220802630688456836e+00 -1.55706106199961655125148525453915107964031742527069278149774156456671519981109843370663986206165564321485266e-01
43 2.43057009174186381376850442960507644578209596738215882189885074853036267420031535161365692246809108393674246e-01 -2.82247006588535956553967185527840782184279552641031357875236054329503419897439771043742233327435425476884535e-01
44 -1.07468361101817756642297208540224851422269947309679804241417628424149070273594279560066605299885756195242039e-01 7.28713553878169054987550955684910776518355371498566030641656455880491726788117052252260447133065676868297446e-01
45 1.60811195503713353325366334147167115617609832743566636286172494679470264151375407637972651524876415372846692e+00 1.17030407312642927531401747704684928090272171908881668378554218947265646888661809171674802752473928067537432e+00
46 1.56731452550580817154665495128909484988571130455003145524058784886717455615237932493570816047285823501017993e+00 -2.12876965370091165338915565677027727866010976091684622502229277711673015310383987212227133258607926938780730e-01
47 1.55084403407588216791516915979511849054127432548499699428792344463409325103092764379435509426425956925826516e+00 -7.71286446121830945012449044315089223481644628501433969358343544119508273211882947747739552866934323131703426e-01
48 1.28674837027812840865058809393431610437722711018850149945411091685666798008088700885640555886908589005303266e+00 -8.95380220544835721654217622351577443185022038165232697308323122547158393454783718918927113799732343534962514e-01
49 3.13254605391872005244567714641155069483554535973631381184789798706552401352892710755765860190575846019978314e-01 -6.66666666666666666666666666666666666666666666666666666666666666666666666666666666666666666666666666666666812e-01
50 4.65296044692982800027157615766153298032982663629881309025855555004356300376937582398668046276827839042718397e-02 3.69560655839904364618587516792512509385266034393623098437191567745898398433196760056948670139626659272969335e-01
51 1.26479823660588925163786565674787711623368250416408131172701399682079591524461928852544691663910418955613547e+00 1.02581956470493135703563010555906493379975600377160959887113155480125999502158695886197844366010568426199427e+00
52 1.99614647136663105279202740736667475310685246910687612288961950722935828785884067201909572215242225488085798e+00 1.24093774423004776641768578036488219703377409663798727949979578427650120242900771171187560932798020403259743e-01
53 1.32047831898876879632290532930401193082023607648247747416906263888712635475020317468974767697586839602616252e-01 -4.37953112788497611679115710981755890148311295168100636025010210786174939878549614414406219533600989798370238e-01
54 1.32047831898876879632290532930401193082023607648247747416906263888712635475020317468974767697586839602615816e-01 5.62046887211502388320884289018244109851688704831899363974989789213825060121450385585593780466399010201628890e-01
55 1.18842326781449475547294391302039179193584124054009033337986976704540651799098731580319369298632171227175223e+00 1.04376317273785497388519881697292360668247390897485460406008029159982456897028816404366978040346941951997505e+00
56 1.98700321272844694932737437974037421412596839144560748472244302861647067967514608551224098273530067646689811e+00 -8.63360649815168639100969056031020536457631659777225427767673798388411153940540595391488861373380657833825518e-02
57 -1.07468361101817756642297208540224851422269947309679804241417628424149070273594279560066605299885756195241930e-01 1.72871355387816905498755095568491077651835537149856603064165645588049172678811705225226044713306567686829657e+00
58 7.33977571885561767131432637822534990389379019256942566610997225837253872979379701071598325681037448235198232e-01 -6.20468872115023883208842890182441098516887048318993639749897892138250601214503855855937804663990102016291084e-02
59 1.41879620217700528828287862686471729745925071783674924687101718074538061555590732632538032656667272965564891e+00 6.66666666666666666666666666666666666666666666666666666666666666666666666666666666666666666666666666666666812e-01
60 8.90604874581497769753716495143112525131156287243758257203392125190530073655826056449481255776325371245186517e-01 1.79076044108967144330843524470315488637004407633046539461664624509431678690956743783785422759946468706992677e+00
61 -4.20722966493689761886864923181379920905824483283311185426207427130701471626486990315832465490461602215219917e-01 3.95380220544835721654217622351577443185022038165232697308323122547158393454783718918927113799732343534964040e-01
62 -4.20722966493689761886864923181379920905824483283311185426207427130701471626486990315832465490461602215219263e-01 1.39538022054483572165421762235157744318502203816523269730832312254715839345478371891892711379973234353496469e+00
63 2.41686943786032081467889233054805467401267695239018730831582693436005975948532766233492818764288385709607572e+00 -1.27128644612183094501244904431508922348164462850143396935834354411950827321188294774773955286693432313170517e+00
64 1.86409863946775417315973687443627356002482886145862837547271324334064565238382035455012095445483541527824173e+00 -1.43795311278849761167911571098175589014831129516810063602501021078617493987854961441440621953360098979837067e+00
65 2.86217187515106969955575057811961093657825509601206643691752299695532479631324069055966881553104654271867116e+00 -3.75906225576995223358231421963511780296622590336201272050020421572349879757099228828812439067201979596739603e-01
66 2.73012404325219281992346004518920974349623148836381868950061673306661216083822037309069404783345970311605840e+00 -9.37953112788497611679115710981755890148311295168100636025010210786174939878549614414406219533600989798369366e-01
67 3.65961582434879157544487948264608298679349126725194991439614860128861294711357266123485720527274369582329539e-01 6.93700412184447912150516198508130543182685765493467353730067766178304045870557838315151000688274985381038047e-02
68 9.45366258640308374096093470059884147357631643801874451189984692192370250570955780641828000739512603878076242e-01 1.32601017932639093043916600250076438886675346161588596193531634592932798886772793508741201373090484499686002e+00
69 1.52078492103650989154393918971247952008241303818704332433800229336673892611468556669584135584517545110591027e+00 -5.82437621209995529957503082469540237251277010485307720939420845457571413743580747269175803398234586211748975e-01
70 3.43313718431244281615797684723794039942415823271585051134710949973906726269134787854279598609659964172331458e-01 1.44484508421497918278387371487784347102965715317207084914410634671396473865031132854769583864633596413378956e-01
71 7.58557042682620890121425962212711332049132679595510509786485861301817438180805738980506488078738531642570265e-01 1.22871355387816905498755095568491077651835537149856603064165645588049172678811705225226044713306567686829657e+00
72 2.28482160596144393504660179761765348093065334474193956089892067047134712401030734486595341994529701749346121e+00 1.66666666666666666666666666666666666666666666666666666666666666666666666666666666666666666666666666666669101e-01
73 1.99614647136663105279202740736667475310685246910687612288961950722935828785884067201909572215242225488085537e+00 1.12409377442300477664176857803648821970337740966379872794997957842765012024290077117118756093279802040326040e+00
74 1.31132784107518753164058141832449244603698077052706944262959955232123154528231304676531372126678697346040600e+00 -6.04619779455164278345782377648422556814977961834767302691676877452841606545216281081072886200267656465036614e-01
75 1.75663027836593641651743966589604870860255891414894857123129561491649658211022607499005434915494965908299882e+00 1.29076044108967144330843524470315488637004407633046539461664624509431678690956743783785422759946468706992590e+00
76 2.17735324485962617840430458907742862950838339743225975665750304204719805373671306530588681464541126129821830e+00 -1.04619779455164278345782377648422556814977961834767302691676877452841606545216281081072886200267656465037922e-01
77 1.17928000917631065200829088539409125295495716287882169521269328843251890980729272929633895356920013385779149e+00 -1.66666666666666666666666666666666666666666666666666666666666666666666666666666666666666666666666666666666158e-01
78 2.41686943786032081467889233054805467401267695239018730831582693436005975948532766233492818764288385709607921e+00 -2.71286446121830945012449044315089223481644628501433969358343544119508273211882947747739552866934323131701682e-01
79 1.86409863946775417315973687443627356002482886145862837547271324334064565238382035455012095445483541527824086e+00 1.56204688721150238832088428901824410985168870483189936397498978921382506012145038558559378046639901020163107e+00
80 8.90604874581497769753716495143112525131156287243758257203392125190530073655826056449481255776325371245186081e-01 7.90760441089671443308435244703154886370044076330465394616646245094316786909567437837854227599464687069926773e-01
81 2.73012404325219281992346004518920974349623148836381868950061673306661216083822037309069404783345970311605491e+00 1.06204688721150238832088428901824410985168870483189936397498978921382506012145038558559378046639901020163107e+00
82 2.86217187515106969955575057811961093657825509601206643691752299695532479631324069055966881553104654271867116e+00 6.24093774423004776641768578036488219703377409663798727949979578427650120242900771171187560932798020403259089e-01
83 7.58557042682620890121425962212711332049132679595510509786485861301817438180805738980506488078738531642572445e-01 2.22871355387816905498755095568491077651835537149856603064165645588049172678811705225226044713306567686829657e+00
84 1.31132784107518753164058141832449244603698077052706944262959955232123154528231304676531372126678697346040774e+00 2.39538022054483572165421762235157744318502203816523269730832312254715839345478371891892711379973234353496382e+00
85 2.17735324485962617840430458907742862950838339743225975665750304204719805373671306530588681464541126129822179e+00 1.89538022054483572165421762235157744318502203816523269730832312254715839345478371891892711379973234353496208e+00
86 1.75663027836593641651743966589604870860255891414894857123129561491649658211022607499005434915494965908300056e+00 2.29076044108967144330843524470315488637004407633046539461664624509431678690956743783785422759946468706992764e+00
87 5.52770798392566641519155456111781113987848090931558932843113691019414107101507307784807233188048441817834862e-01 -1.83333333333333333333333333333333333333333333333333333333333333333333333333333333333333333333333333333333275e+00
88 -5.52770798392566641519155456111781113987848090931558932843113691019414107101507307784807233188048441817834426e-01 -1.66666666666666666666666666666666666666666666666666666666666666666666666666666666666666666666666666666666267e-01
89 9.73493764886256403406020379293161034893672574214870118269321118150115578727994298100639698678510044033055215e-01 -1.22871355387816905498755095568491077651835537149856603064165645588049172678811705225226044713306567686829483e+00
90 5.52770798392566641519155456111781113987848090931558932843113691019414107101507307784807233188048441817834862e-01 1.66666666666666666666666666666666666666666666666666666666666666666666666666666666666666666666666666666666376e-01
91 -5.52770798392566641519155456111781113987848090931558932843113691019414107101507307784807233188048441817834862e-01 1.83333333333333333333333333333333333333333333333333333333333333333333333333333333333333333333333333333333362e+00
92 -6.84818630291443521151445989042182307069871698579806680260019954908126742576527625253782000885635281420451114e-01 2.71286446121830945012449044315089223481644628501433969358343544119508273211882947747739552866934323131702990e-01
93 7.42086551252694886489940170718734972704695700530476048833821457068736133059354057839153421870139865890654185e-01 1.67030407312642927531401747704684928090272171908881668378554218947265646888661809171674802752473928067537344e+00
94 7.01289121721369524782931780536158666414308677644841141212684359141208047697979306395135067094233947172368066e-01 2.87123034629908834661084434322972272133989023908315377497770722288326984689616012787772866741392073061219706e-01
95 9.67741961535495645155205665632729634348631039095367386201897086363389713982619392935381977602571255661515023e-01 7.48056562134610723228666493833807964675160787824160324453206442712952870820471745151151934177806727892542601e-01
96 -5.22439524244746760278347418061173371783052895473488257600201023768124677154706364710641349714408570038922201e-01 1.47323658410224998425551128517769478509861250341072372855116679834205522634311973767775179621925615642421440e-01
97 7.43120830523745870596085665448835529370263096918211204778173704450141481163074287578453065098159026649157230e-01 1.48382952193019252230981194621346163497451870809621906751757169052666175515504445124742666603737075985012096e-01
98 1.54170077543769806445051613216881795156039024782372835612074696602120564284723305728750035484713799084430616e+00 -9.81716285526352585564314527954679496830785204142955240085090502385999508848837778458075999937070409318345720e-01
99 -3.53930053922421796027631565386244326133214385225674175513271751059236064177794811080748277668494981359545004e-01 -4.11559028270455508771228371912595485849238074940228872547704274699080483852374183590545154231469176854844063e-01
100 1.21995545770686044279135473613918050960461701213086448954117524078520257263219482962132137104711926919735840e+00 -8.84409717295444912287716280874045141507619250597711274522957253009195161476258164094548457685308231451559374e-02
101 -4.20722966493689761886864923181379920905824483283311185426207427130701471626486990315832465490461602215219917e-01 -6.04619779455164278345782377648422556814977961834767302691676877452841606545216281081072886200267656465037486e-01
102 1.32047831898876879632290532930401193082023607648247747416906263888712635475020317468974767697586839602614944e-01 1.56204688721150238832088428901824410985168870483189936397498978921382506012145038558559378046639901020163107e+00
103 2.28482160596144393504660179761765348093065334474193956089892067047134712401030734486595341994529701749346121e+00 -8.33333333333333333333333333333333333333333333333333333333333333333333333333333333333333333333333333333333624e-01
104 1.17928000917631065200829088539409125295495716287882169521269328843251890980729272929633895356920013385779062e+00 8.33333333333333333333333333333333333333333333333333333333333333333333333333333333333333333333333333333333624e-01
105 7.58557042682620890121425962212711332049132679595510509786485861301817438180805738980506488078738531642571573e-01 2.28713553878169054987550955684910776518355371498566030641656455880491726788117052252260447133065676868297337e-01
106 2.41686943786032081467889233054805467401267695239018730831582693436005975948532766233492818764288385709607747e+00 7.28713553878169054987550955684910776518355371498566030641656455880491726788117052252260447133065676868296138e-01
107 1.99773237082841173847715040004688317226125546879801297629032549361017480192991666246106799838124731793989587e+00 -9.64060841930616948009323981369564682182496437740794976060676244040543312635882368092791296093774108360685942e-01
108 7.32391672423781081446309645142326571234976019565805713210291239456437358908303710629626049452212385176159038e-01 2.61077291421193363302082703878087920341851425726943400356660332543683727573327536783850765601731185623163582e-02
109 7.36746609812511666709094183612477725863366886767152838140139699200843144773484802954017600079174471842000573e-01 9.67964561776794840435982530552421415189077347490641564047092339962767172096718238090307616790617740630701335e-02
110 1.99337743343968115321436586157673201763286460159666585136047703386576901606473557013667644775428523127405477e+00 9.65250431033822904277286035963001968332780970082835207570280555217548342911778561776563018787337236138561155e-01
111 1.15057051864451688424903808957210915785125131822737974272121681509113204478505733668428511165651298837675520e+00 -8.13560491661463573765168476764454097252972840653561967542950269769658922087179413398280671190159883172792975e-01
112 1.02678272621510929415526649950531947165713207920488001393628622695606600895165572862160170298889827292146485e+00 7.08940712206299295419386099116031540437994878818794664851273392316817315541963132317207784989892226707755926e-01
113 2.59807621135331594029116951225880855041420788071557094208371046917789952536320005562171928013587286351343866e+00 -4.99999999999999999999999999999999999999999999999999999999999999999999999999999999999999999999999999999999128e-01
114 2.59807621135331594029116951225880855041420788071557094208371046917789952536320005562171928013587286351343866e+00 5.00000000000000000000000000000000000000000000000000000000000000000000000000000000000000000000000000000000872e-01
115 4.45302437290748884876858247571556262565578143621879128601696062595265036827913028224740627888162685622593258e-01 -1.10461977945516427834578237764842255681497796183476730269167687745284160654521628108107288620026765646503618e+00
116 1.26043072265774638293487839019037732003243604229147966888655146766882133906144355432495659519083156637705473e+00 6.54047229011619448950866792972725810877094484138585581228652340865204611927035807747956199071776647805057661e-01
117 4.71620084911130910592567951315495046910369211518900959169255511783111677847356482756189591566417009298572716e-01 -6.54047229011619448950866792972725810877094484138585581228652340865204611927035807747956199071776647805056789e-01
118 5.09096283020741128138547398718012619794106926864112320827268423164745788629710225827231205979830446822738045e-01 1.31396886058263205890368564152197541498140370234968658557404857630943896560848009189047960094823889200264006e+00
119 1.24753399534519528837889226717803608880845198728483625040402719175175079348051584916282314317511921226026252e+00 -2.32084194929606155952503968188205286113596260192211909574023312151221786989126540526253733487742049327137244e-02
120 1.26479823660588925163786565674787711623368250416408131172701399682079591524461928852544691663910418955613634e+00 2.58195647049313570356301055590649337997560037716095988711315548012599950215869588619784436601056842619949234e-02
121 4.65296044692982800027157615766153298032982663629881309025855555004356300376937582398668046276827839042714037e-02 -6.30439344160095635381412483207487490614733965606376901562808432254101601566803239943051329860373340727032191e-01
122 2.45794707970591229899933243901763416597536603385679431754886354645635652014260379089081623977010834073720329e-02 1.29076044108967144330843524470315488637004407633046539461664624509431678690956743783785422759946468706992590e+00
123 1.28674837027812840865058809393431610437722711018850149945411091685666798008088700885640555886908589005303440e+00 1.04619779455164278345782377648422556814977961834767302691676877452841606545216281081072886200267656465038358e-01
124 -2.39516193000694636274587741470626044504293554957927551658323892312861705748614597029041372997472595797856111e-01 1.16666666666666666666666666666666666666666666666666666666666666666666666666666666666666666666666666666666725e+00
125 6.67461762540000033486547635392352597220921602409381898811734136241305065124173997827654937355671610101332229e-01 3.26588298237679276619485515215916270770975884877767671012062902110901020348110950809190068543128910864249648e-01
126 2.19471011261106966606920294272725833935733349360268453810578886071401973118906669273201387817537493261733806e+00 2.97505476185325500022283062820571948932401524786031056937916676316749099894789820361997492389669109539010749e-01
127 1.97156700056957192980203408297649841144709880876830817971413087176479472265741463411018755975472117147348464e+00 -1.16666666666666666666666666666666666666666666666666666666666666666666666666666666666666666666666666666666638e+00
128 7.33977571885561767131432637822534990389379019256942566610997225837253872979379701071598325681037448235198668e-01 -1.06204688721150238832088428901824410985168870483189936397498978921382506012145038558559378046639901020162933e+00
129 1.13012106758219240602830423661373856963544984220168580886171601750339177940444065347852262877379796704304394e+00 6.24093774423004776641768578036488219703377409663798727949979578427650120242900771171187560932798020403259525e-01
130 1.33071303886749084296887899902605892020787242799764859277623664967216751047973085986491187628031120454837193e+00 6.62779790935888113123999654334282596016988242314987315573079552092572408307610156968970535022280122451750705e-01
131 2.39748424006801750335059474984648819984178529491960815816918983700912379428790984923533003262935962600811415e+00 -5.38686016512883336482231076297794376313610832651188587623099973664922288064709385797782974089482102048490309e-01
132 1.20933912221568292837952085547673022341381845017677536516261443969987323472353480639485269198828425201014463e+00 6.44484508421497918278387371487784347102965715317207084914410634671396473865031132854769583864633596413379174e-01
133 2.38681032482094853830766236046541570355381566509223363836590578309270543456908558523641444922379973894372432e+00 -8.24376212099955299575030824695402372512770104853077209394208454575714137435807472691758033982345862117500654e-02
134 1.13187229439734599747735510830052213235323872229176383544639470971198946755601836316085292076075774409008317e+00 1.90767215253967695522856135958021141519955965058854952145411716012498622549331767389284902258708263263992883e+00
135 6.24757983968590419040084557595526576249320191857184735784900905204507114554207711829201428394191914992917399e-01 3.83088288549994488079873885122943471170484425741915873162529084969330561416249763945005205012382054429999253e-01
136 9.98073235683315526396013703683337376553426234553438061444809753614679143929420336009547861076211127440429428e-01 2.06204688721150238832088428901824410985168870483189936397498978921382506012145038558559378046639901020163107e+00
137 1.06827083190100115026373097536398480145877117378885356043971447746819527786228151160394802901997786506673262e+00 6.77627227133371678208184807879418225369301590806264055183559176876661813352223489962669347127167769011847921e-01
138 -3.09713789218380260142305013151273469409638494193343050653228616166377839681475772623441540941239333424161051e-01 5.51086326744797376779366147805492551149053780692301975458097279003829913435893562289591100005897907856450397e-01
139 1.44337567297406441127287195125489363911900437817531719004650581620994418075733336423428848896437381306302138e+00 -4.25728922436618900248980886301784469632892570028679387166870882390165464237658954954791057338686462634063334e-02
140 1.44337567297406441127287195125489363911900437817531719004650581620994418075733336423428848896437381306302138e+00 1.95742710775633810997510191136982155303671074299713206128331291176098345357623410450452089426613135373659315e+00
141 2.44144890865737993766888565493823101567243061272875525149131556982462332468675370024383635004058494050345081e+00 1.01947399496784049829598620038806566288839944782903142525830270097480851369768449009011467473253036393822422e+00
142 1.88867811026481329614973019882644990168458252179719631864820187880520921758524639245902911685253649868561682e+00 1.85280732830117383162931953372139899622173278116236475859163603430814184703101782342344800806586369727155523e+00
143 1.41189714451532074393595760964296880854131066601366496602588686950496804394099286973981537265354964397518275e+00 1.51689939372359330512117559198547871079808129429273240027330285447889420824599148378282347597177352965769270e-01
144 3.14785284587436673369143416119248305776937121616522240206189467049761368163404944944731163108241690878377590e-02 8.05737168383978779462984352171273681956902613567858821255982626313094032751634956126238546668954000770825841e-01
145 1.94343949432362390049210717374322152391105787835531251263479444580704939450037611665137586181572373131850480e+00 1.38805706653789331876005029151900849871844216644778532591030613514315304898917832067300579419730385519848934e+00
146 1.36403481811819468394050165194794567523277536127863305288442461374354043864077760213303358160348549702275831e+00 1.31416928429947179535935908869057164169957281381246099347996565831655464708506169417108880535226508739734875e-01
147 1.70013363395927672660151531077505620558360705866117309941218832581982707289092310356500802705478364083767450e+00 1.77416429127673005955887476422161675670934593039685466448887247596732124357780449882953701073797984645485787e+00
148 1.47529284658366497819880298198570980047820257332452471869012446984205012477521029775042664866683874790097236e+00 1.83262816479608050416227147148204796327364812600277396794440435793662209998429605674983883528151507281735716e-01
149 3.17542648054294170480031829276076600606180963198569781810231279566187719766613340131543467572162238873864686e+00 9.57427107756338109975101911369821553036710742997132061283312911760983453576234104504520894266131353736595329e-01
EDGES
0 1
0 2
0 3
0 4
0 9
0 10
0 11
0 12
0 27
0 28
0 29
0 30
1 2
1 5
1 6
1 9
1 13
1 14
1 15
1 31
1 32
1 33
1 34
1 35
1 36
2 7
2 8
2 10
2 13
2 16
2 17
2 37
2 38
2 39
2 40
2 41
2 42
2 43
2 44
2 45
2 46
3 4
3 5
3 7
3 11
3 18
3 19
3 20
3 47
3 48
3 49
3 50
3 51
3 52
3 53
3 54
3 55
3 56
4 6
4 8
4 12
4 18
4 21
4 22
4 57
4 58
4 59
4 60
4 61
4 62
5 6
5 7
5 14
5 19
5 23
5 24
5 63
5 64
5 65
5 66
6 8
6 15
6 21
6 23
6 25
6 67
6 68
6 69
6 70
6 71
6 72
6 73
6 74
6 75
6 76
7 8
7 16
7 20
7 24
7 26
7 77
7 78
7 79
7 80
7 81
7 82
8 17
8 22
8 25
8 26
8 83
8 84
8 85
8 86
9 19
9 21
9 27
9 31
9 87
9 88
9 89
10 20
10 22
10 28
10 37
10 67
10 68
10 90
10 91
10 92
10 93
10 94
10 95
10 96
11 14
11 16
11 29
11 47
11 69
11 70
11 87
11 90
11 97
11 98
11 99
11 100
11 101
12 15
12 17
12 30
12 57
12 88
12 91
12 102
13 18
13 24
13 25
13 32
13 38
13 48
13 58
13 97
13 98
13 103
13 104
13 105
13 106
13 107
13 108
13 109
13 110
13 111
13 112
13 113
13 114
14 16
14 33
14 63
14 87
14 103
14 115
15 17
15 20
15 34
15 49
15 71
15 77
15 88
15 92
15 99
15 100
15 104
15 116
15 117
15 118
15 119
15 120
15 121
15 122
15 123
15 124
16 21
16 39
16 59
16 72
16 78
16 89
16 90
16 103
16 116
16 117
16 125
16 126
16 127
16 128
16 129
16 130
16 131
16 132
16 133
17 40
17 50
17 51
17 83
17 91
17 104
17 134
17 135
17 136
17 137
17 138
18 23
18 26
18 35
18 41
18 52
18 60
18 93
18 94
18 105
18 106
18 118
18 119
18 125
18 126
18 134
18 135
18 139
18 140
18 141
18 142
19 21
19 42
19 43
19 53
19 64
19 87
19 107
19 108
19 120
19 121
19 127
19 139
20 22
20 36
20 54
20 73
20 79
20 90
20 102
20 109
20 110
20 122
20 123
20 136
20 140
20 143
20 144
20 145
20 146
20 147
20 148
21 44
21 61
21 74
21 80
21 88
21 95
21 96
21 101
21 111
21 112
21 115
21 128
21 129
21 137
21 138
21 139
21 143
21 144
22 62
22 84
22 91
22 124
22 140
23 26
23 45
23 46
23 65
23 75
23 113
23 130
23 131
23 139
23 145
23 146
23 149
24 25
24 66
24 81
24 103
24 141
24 149
25 55
25 56
25 76
25 85
25 104
25 132
25 133
25 142
25 147
25 148
25 149
26 82
26 86
26 114
26 140
26 149
27 28
27 53
27 61
28 54
28 62
29 30
29 33
29 39
30 34
30 40
31 32
31 47
31 49
31 64
31 74
32 66
32 76
32 77
32 78
32 113
32 128
32 139
33 34
33 39
33 48
33 53
34 40
34 58
34 61
34 90
34 92
34 128
35 36
35 41
35 53
35 61
35 122
35 139
36 47
36 73
36 78
36 90
36 106
37 38
37 57
37 59
37 79
37 84
38 71
38 72
38 81
38 85
38 114
38 123
38 140
39 40
39 48
39 54
39 88
39 89
39 123
40 58
40 62
41 44
41 54
41 62
41 129
41 140
42 137
43 138
44 57
44 71
44 80
44 88
44 105
45 93
46 94
47 52
47 63
47 78
48 49
48 58
48 103
48 123
49 74
49 77
49 88
49 105
50 121
51 120
52 65
52 73
52 74
52 82
52 103
52 129
52 141
53 54
53 61
54 62
54 88
54 102
54 129
55 97
56 98
57 60
57 71
57 83
58 59
58 104
58 128
59 72
59 79
59 90
59 106
60 75
60 79
60 80
60 86
60 104
60 122
60 142
61 62
61 90
61 101
61 122
63 65
63 78
64 66
64 74
65 82
66 76
67 146
68 145
69 133
70 132
71 75
71 83
71 105
71 124
71 140
72 73
72 81
72 103
72 123
73 82
73 129
73 140
74 76
74 103
74 105
74 115
75 80
75 81
75 86
76 77
76 82
77 80
77 104
77 128
78 82
78 106
78 127
78 139
79 81
79 84
79 104
79 106
79 136
80 122
80 139
81 85
83 86
84 85
89 127
92 124
101 115
102 136
109 111
109 144
110 112
110 143
111 143
112 144
113 114
116 118
116 126
117 119
117 125
118 125
119 126
141 142
DONE