NODES
0 0.00000000000000000000000000000000000000000000000000000000000000000000000000000000000000000000000000000000000e+00 0.00000000000000000000000000000000000000000000000000000000000000000000000000000000000000000000000000000000000e+00
1 8.66025403784438646763723170752936183471402626905190314027903489725966508454400018540573093378624287837813176e-01 -5.00000000000000000000000000000000000000000000000000000000000000000000000000000000000000000000000000000000000e-01
2 8.66025403784438646763723170752936183471402626905190314027903489725966508454400018540573093378624287837813176e-01 5.00000000000000000000000000000000000000000000000000000000000000000000000000000000000000000000000000000000000e-01
3 9.98073235683315526396013703683337376553426234553438061444809753614679143929420336009547861076211127440428992e-01 6.20468872115023883208842890182441098516887048318993639749897892138250601214503855855937804663990102016298987e-02
4 4.45302437290748884876858247571556262565578143621879128601696062595265036827913028224740627888162685622593476e-01 8.95380220544835721654217622351577443185022038165232697308323122547158393454783718918927113799732343534963386e-01
5 1.86409863946775417315973687443627356002482886145862837547271324334064565238382035455012095445483541527824260e+00 -4.37953112788497611679115710981755890148311295168100636025010210786174939878549614414406219533600989798370674e-01
6 1.31132784107518753164058141832449244603698077052706944262959955232123154528231304676531372126678697346040600e+00 3.95380220544835721654217622351577443185022038165232697308323122547158393454783718918927113799732343534963168e-01
7 1.86409863946775417315973687443627356002482886145862837547271324334064565238382035455012095445483541527824173e+00 5.62046887211502388320884289018244109851688704831899363974989789213825060121450385585593780466399010201631070e-01
8 1.31132784107518753164058141832449244603698077052706944262959955232123154528231304676531372126678697346040774e+00 1.39538022054483572165421762235157744318502203816523269730832312254715839345478371891892711379973234353496382e+00
9 0.00000000000000000000000000000000000000000000000000000000000000000000000000000000000000000000000000000000000e+00 -1.00000000000000000000000000000000000000000000000000000000000000000000000000000000000000000000000000000000000e+00
10 0.00000000000000000000000000000000000000000000000000000000000000000000000000000000000000000000000000000000000e+00 1.00000000000000000000000000000000000000000000000000000000000000000000000000000000000000000000000000000000000e+00
11 5.52770798392566641519155456111781113987848090931558932843113691019414107101507307784807233188048441817835734e-01 -8.33333333333333333333333333333333333333333333333333333333333333333333333333333333333333333333333333333333624e-01
12 -5.52770798392566641519155456111781113987848090931558932843113691019414107101507307784807233188048441817835298e-01 8.33333333333333333333333333333333333333333333333333333333333333333333333333333333333333333333333333333333624e-01
13 1.73205080756887729352744634150587236694280525381038062805580697945193301690880003708114618675724857567562635e+00 0.00000000000000000000000000000000000000000000000000000000000000000000000000000000000000000000000000000000000e+00
14 1.41879620217700528828287862686471729745925071783674924687101718074538061555590732632538032656667272965564804e+00 -1.33333333333333333333333333333333333333333333333333333333333333333333333333333333333333333333333333333333275e+00
15 3.13254605391872005244567714641155069483554535973631381184789798706552401352892710755765860190575846019977878e-01 3.33333333333333333333333333333333333333333333333333333333333333333333333333333333333333333333333333333333188e-01
16 1.41879620217700528828287862686471729745925071783674924687101718074538061555590732632538032656667272965564978e+00 -3.33333333333333333333333333333333333333333333333333333333333333333333333333333333333333333333333333333332752e-01
17 3.13254605391872005244567714641155069483554535973631381184789798706552401352892710755765860190575846019978314e-01 1.33333333333333333333333333333333333333333333333333333333333333333333333333333333333333333333333333333333450e+00
18 1.44337567297406441127287195125489363911900437817531719004650581620994418075733336423428848896437381306302225e+00 9.57427107756338109975101911369821553036710742997132061283312911760983453576234104504520894266131353736593585e-01
19 9.98073235683315526396013703683337376553426234553438061444809753614679143929420336009547861076211127440429428e-01 -9.37953112788497611679115710981755890148311295168100636025010210786174939878549614414406219533600989798369802e-01
20 9.98073235683315526396013703683337376553426234553438061444809753614679143929420336009547861076211127440427684e-01 1.06204688721150238832088428901824410985168870483189936397498978921382506012145038558559378046639901020163107e+00
21 4.45302437290748884876858247571556262565578143621879128601696062595265036827913028224740627888162685622592822e-01 -1.04619779455164278345782377648422556814977961834767302691676877452841606545216281081072886200267656465036614e-01
22 4.45302437290748884876858247571556262565578143621879128601696062595265036827913028224740627888162685622594348e-01 1.89538022054483572165421762235157744318502203816523269730832312254715839345478371891892711379973234353496382e+00
23 2.30940107675850305803659512200782982259040700508050750407440930593591068921173338277486158234299810090083455e+00 4.57427107756338109975101911369821553036710742997132061283312911760983453576234104504520894266131353736593149e-01
24 2.73012404325219281992346004518920974349623148836381868950061673306661216083822037309069404783345970311605491e+00 6.20468872115023883208842890182441098516887048318993639749897892138250601214503855855937804663990102016309614e-02
25 2.17735324485962617840430458907742862950838339743225975665750304204719805373671306530588681464541126129822005e+00 8.95380220544835721654217622351577443185022038165232697308323122547158393454783718918927113799732343534962514e-01
26 2.30940107675850305803659512200782982259040700508050750407440930593591068921173338277486158234299810090083630e+00 1.45742710775633810997510191136982155303671074299713206128331291176098345357623410450452089426613135373659402e+00
EDGES
0 1
0 2
0 3
0 4
0 9
0 10
0 11
0 12
1 2
1 5
1 6
1 9
1 13
1 14
1 15
2 7
2 8
2 10
2 13
2 16
2 17
3 4
3 5
3 7
3 11
3 18
3 19
3 20
4 6
4 8
4 12
4 18
4 21
4 22
5 6
5 7
5 14
5 19
5 23
5 24
6 8
6 15
6 21
6 23
6 25
7 8
7 16
7 20
7 24
7 26
8 17
8 22
8 25
8 26
9 19
9 21
10 20
10 22
11 14
11 16
12 15
12 17
13 18
13 24
13 25
14 16
15 17
15 20
16 21
18 23
18 26
19 21
20 22
23 26
24 25
DONE