NODES
0 8.66025403784438646763723170752936183471402626905190314027903489725966508454400018540573093378624287837813176e-01 -5.00000000000000000000000000000000000000000000000000000000000000000000000000000000000000000000000000000000000e-01
1 8.66025403784438646763723170752936183471402626905190314027903489725966508454400018540573093378624287837813176e-01 5.00000000000000000000000000000000000000000000000000000000000000000000000000000000000000000000000000000000000e-01
2 9.98073235683315526396013703683337376553426234553438061444809753614679143929420336009547861076211127440428992e-01 6.20468872115023883208842890182441098516887048318993639749897892138250601214503855855937804663990102016298987e-02
3 4.45302437290748884876858247571556262565578143621879128601696062595265036827913028224740627888162685622593476e-01 8.95380220544835721654217622351577443185022038165232697308323122547158393454783718918927113799732343534963386e-01
4 1.31132784107518753164058141832449244603698077052706944262959955232123154528231304676531372126678697346040600e+00 3.95380220544835721654217622351577443185022038165232697308323122547158393454783718918927113799732343534963168e-01
5 1.86409863946775417315973687443627356002482886145862837547271324334064565238382035455012095445483541527824173e+00 5.62046887211502388320884289018244109851688704831899363974989789213825060121450385585593780466399010201631070e-01
6 1.73205080756887729352744634150587236694280525381038062805580697945193301690880003708114618675724857567562635e+00 0.00000000000000000000000000000000000000000000000000000000000000000000000000000000000000000000000000000000000e+00
7 3.13254605391872005244567714641155069483554535973631381184789798706552401352892710755765860190575846019977878e-01 3.33333333333333333333333333333333333333333333333333333333333333333333333333333333333333333333333333333333188e-01
8 1.41879620217700528828287862686471729745925071783674924687101718074538061555590732632538032656667272965564978e+00 -3.33333333333333333333333333333333333333333333333333333333333333333333333333333333333333333333333333333332752e-01
9 1.44337567297406441127287195125489363911900437817531719004650581620994418075733336423428848896437381306302225e+00 9.57427107756338109975101911369821553036710742997132061283312911760983453576234104504520894266131353736593585e-01
10 9.98073235683315526396013703683337376553426234553438061444809753614679143929420336009547861076211127440427684e-01 1.06204688721150238832088428901824410985168870483189936397498978921382506012145038558559378046639901020163107e+00
11 4.45302437290748884876858247571556262565578143621879128601696062595265036827913028224740627888162685622592822e-01 -1.04619779455164278345782377648422556814977961834767302691676877452841606545216281081072886200267656465036614e-01
12 8.66025403784438646763723170752936183471402626905190314027903489725966508454400018540573093378624287837813176e-01 -1.50000000000000000000000000000000000000000000000000000000000000000000000000000000000000000000000000000000000e+00
13 1.73205080756887729352744634150587236694280525381038062805580697945193301690880003708114618675724857567562635e+00 -1.00000000000000000000000000000000000000000000000000000000000000000000000000000000000000000000000000000000000e+00
14 4.20722966493689761886864923181379920905824483283311185426207427130701471626486990315832465490461602215219481e-01 -1.39538022054483572165421762235157744318502203816523269730832312254715839345478371891892711379973234353496295e+00
15 -1.32047831898876879632290532930401193082023607648247747416906263888712635475020317468974767697586839602615380e-01 -5.62046887211502388320884289018244109851688704831899363974989789213825060121450385585593780466399010201630198e-01
16 5.77350269189625764509148780501957455647601751270126876018602326483977672302933345693715395585749525225209947e-01 4.57427107756338109975101911369821553036710742997132061283312911760983453576234104504520894266131353736593149e-01
17 1.55084403407588216791516915979511849054127432548499699428792344463409325103092764379435509426425956925826255e+00 2.28713553878169054987550955684910776518355371498566030641656455880491726788117052252260447133065676868297664e-01
18 8.66025403784438646763723170752936183471402626905190314027903489725966508454400018540573093378624287837813176e-01 1.50000000000000000000000000000000000000000000000000000000000000000000000000000000000000000000000000000000000e+00
19 1.73205080756887729352744634150587236694280525381038062805580697945193301690880003708114618675724857567562635e+00 1.00000000000000000000000000000000000000000000000000000000000000000000000000000000000000000000000000000000000e+00
20 4.20722966493689761886864923181379920905824483283311185426207427130701471626486990315832465490461602215220789e-01 -3.95380220544835721654217622351577443185022038165232697308323122547158393454783718918927113799732343534963822e-01
21 -1.32047831898876879632290532930401193082023607648247747416906263888712635475020317468974767697586839602614944e-01 4.37953112788497611679115710981755890148311295168100636025010210786174939878549614414406219533600989798371764e-01
22 5.77350269189625764509148780501957455647601751270126876018602326483977672302933345693715395585749525225209511e-01 1.45742710775633810997510191136982155303671074299713206128331291176098345357623410450452089426613135373659228e+00
23 -1.07468361101817756642297208540224851422269947309679804241417628424149070273594279560066605299885756195242039e-01 7.28713553878169054987550955684910776518355371498566030641656455880491726788117052252260447133065676868297446e-01
24 1.55084403407588216791516915979511849054127432548499699428792344463409325103092764379435509426425956925826516e+00 -7.71286446121830945012449044315089223481644628501433969358343544119508273211882947747739552866934323131703426e-01
25 1.28674837027812840865058809393431610437722711018850149945411091685666798008088700885640555886908589005303266e+00 -8.95380220544835721654217622351577443185022038165232697308323122547158393454783718918927113799732343534962514e-01
26 3.13254605391872005244567714641155069483554535973631381184789798706552401352892710755765860190575846019978314e-01 -6.66666666666666666666666666666666666666666666666666666666666666666666666666666666666666666666666666666666812e-01
27 1.99614647136663105279202740736667475310685246910687612288961950722935828785884067201909572215242225488085798e+00 1.24093774423004776641768578036488219703377409663798727949979578427650120242900771171187560932798020403259743e-01
28 1.32047831898876879632290532930401193082023607648247747416906263888712635475020317468974767697586839602616252e-01 -4.37953112788497611679115710981755890148311295168100636025010210786174939878549614414406219533600989798370238e-01
29 1.32047831898876879632290532930401193082023607648247747416906263888712635475020317468974767697586839602615816e-01 5.62046887211502388320884289018244109851688704831899363974989789213825060121450385585593780466399010201628890e-01
30 -1.07468361101817756642297208540224851422269947309679804241417628424149070273594279560066605299885756195241930e-01 1.72871355387816905498755095568491077651835537149856603064165645588049172678811705225226044713306567686829657e+00
31 7.33977571885561767131432637822534990389379019256942566610997225837253872979379701071598325681037448235198232e-01 -6.20468872115023883208842890182441098516887048318993639749897892138250601214503855855937804663990102016291084e-02
32 1.41879620217700528828287862686471729745925071783674924687101718074538061555590732632538032656667272965564891e+00 6.66666666666666666666666666666666666666666666666666666666666666666666666666666666666666666666666666666666812e-01
33 8.90604874581497769753716495143112525131156287243758257203392125190530073655826056449481255776325371245186517e-01 1.79076044108967144330843524470315488637004407633046539461664624509431678690956743783785422759946468706992677e+00
34 -4.20722966493689761886864923181379920905824483283311185426207427130701471626486990315832465490461602215219917e-01 3.95380220544835721654217622351577443185022038165232697308323122547158393454783718918927113799732343534964040e-01
35 -4.20722966493689761886864923181379920905824483283311185426207427130701471626486990315832465490461602215219263e-01 1.39538022054483572165421762235157744318502203816523269730832312254715839345478371891892711379973234353496469e+00
36 7.58557042682620890121425962212711332049132679595510509786485861301817438180805738980506488078738531642570265e-01 1.22871355387816905498755095568491077651835537149856603064165645588049172678811705225226044713306567686829657e+00
37 2.28482160596144393504660179761765348093065334474193956089892067047134712401030734486595341994529701749346121e+00 1.66666666666666666666666666666666666666666666666666666666666666666666666666666666666666666666666666666669101e-01
38 1.99614647136663105279202740736667475310685246910687612288961950722935828785884067201909572215242225488085537e+00 1.12409377442300477664176857803648821970337740966379872794997957842765012024290077117118756093279802040326040e+00
39 1.31132784107518753164058141832449244603698077052706944262959955232123154528231304676531372126678697346040600e+00 -6.04619779455164278345782377648422556814977961834767302691676877452841606545216281081072886200267656465036614e-01
40 1.75663027836593641651743966589604870860255891414894857123129561491649658211022607499005434915494965908299882e+00 1.29076044108967144330843524470315488637004407633046539461664624509431678690956743783785422759946468706992590e+00
41 2.17735324485962617840430458907742862950838339743225975665750304204719805373671306530588681464541126129821830e+00 -1.04619779455164278345782377648422556814977961834767302691676877452841606545216281081072886200267656465037922e-01
42 1.17928000917631065200829088539409125295495716287882169521269328843251890980729272929633895356920013385779149e+00 -1.66666666666666666666666666666666666666666666666666666666666666666666666666666666666666666666666666666666158e-01
43 2.41686943786032081467889233054805467401267695239018730831582693436005975948532766233492818764288385709607921e+00 -2.71286446121830945012449044315089223481644628501433969358343544119508273211882947747739552866934323131701682e-01
44 1.86409863946775417315973687443627356002482886145862837547271324334064565238382035455012095445483541527824086e+00 1.56204688721150238832088428901824410985168870483189936397498978921382506012145038558559378046639901020163107e+00
45 8.90604874581497769753716495143112525131156287243758257203392125190530073655826056449481255776325371245186081e-01 7.90760441089671443308435244703154886370044076330465394616646245094316786909567437837854227599464687069926773e-01
46 2.73012404325219281992346004518920974349623148836381868950061673306661216083822037309069404783345970311605491e+00 1.06204688721150238832088428901824410985168870483189936397498978921382506012145038558559378046639901020163107e+00
47 2.86217187515106969955575057811961093657825509601206643691752299695532479631324069055966881553104654271867116e+00 6.24093774423004776641768578036488219703377409663798727949979578427650120242900771171187560932798020403259089e-01
48 1.06186708141330776965770285482979373378195501779567125367038211418415989573121753361203843916787888864057378e+00 4.80635527249298725570352308188642081648070369016353252240715242976105632275146758557146267614905558669306873e-01
49 1.80030479373776192989804772328981720279630007821639518324714088277116490058202315694763037636316765407809738e+00 -8.56541752826293948928583730152153861944692959352554524290735664548455512032245987385958706682107538266047348e-01
50 -1.29278793971926980054628987140458457608035740138037475887763790525123363680915215586555493299449815995813257e-01 -4.03203543822320515956401746944757858481092265250935843595290766003723282790328176190969238320938225936931175e-01
51 1.12735202965524250645064269082379583416146197469147553733257354413980250761033555159610335437566094343624247e+00 4.65250431033822904277286035963001968332780970082835207570280555217548342911778561776563018787337236138560501e-01
52 4.52201494952433429223779264793304751483518195444963409446826373835677608442827484810305581801285771303058984e-01 4.10356947839143057808766729819696238771880575402626123947659503765935639296851237207311432869221657235862237e-01
53 1.83262011100901050582282253282434872944713514929697615145209429663566951556747986005564783814401124619040397e+00 -2.43690281172476391142100063153029572105213908735959457280992837099268972630184570540644766202554990569194989e-01
54 1.14690964147433391967392179280571483233073511477822965968620445221890958022666690042847704167623168283496931e-01 1.59921631571012609952818848549249604104309218211101004345396235444234353681444284142523401876462244197582945e-01
55 1.64193931421850302455004748661547722536948540267112560526267516969460562408755938494720664498732649079950320e+00 1.30838809518658833355616396153905282265734858119364390271250009650082433228123153695330825723002442872343828e-01
56 1.27984931261644386430366707671256761545928705836541721860898060561625540846597255227084060495596280437256824e+00 -4.10356947839143057808766729819696238771880575402626123947659503765935639296851237207311432869221657235861801e-01
57 -1.00569303440133212295376191318476362504329895486595523396287317183736498658679822974501651386762670514776749e-01 2.43690281172476391142100063153029572105213908735959457280992837099268972630184570540644766202554990569194553e-01
58 1.14690964147433391967392179280571483233073511477822965968620445221890958022666690042847704167623168283496931e-01 1.15992163157101260995281884854924960410430921821110100434539623544423435368144428414252340187646224419758327e+00
59 1.64193931421850302455004748661547722536948540267112560526267516969460562408755938494720664498732649079950320e+00 1.13083880951865883335561639615390528226573485811936439027125000965008243322812315369533082572300244287234437e+00
60 2.84545114860078237485314918819172974379848691322189428693313325365165536330657318143712018277888700538941588e-01 -3.13560491661463573765168476764454097252972840653561967542950269769658922087179413398280671190159883172792975e-01
61 1.60757322430670647391543328752383288185729452299689699908382737230099500497255710081028609610273985083652106e-01 1.20894071220629929541938609911603154043799487881879466485127339231681731554196313231720778498989222670775680e+00
62 1.06186708141330776965770285482979373378195501779567125367038211418415989573121753361203843916787888864057116e+00 1.48063552724929872557035230818864208164807036901635325224071524297610563227514675855714626761490555866930731e+00
63 1.80030479373776192989804772328981720279630007821639518324714088277116490058202315694763037636316765407809651e+00 1.43458247173706051071416269847846138055307040647445475709264335451544487967754012614041293317892461733952652e-01
64 1.99337743343968115321436586157673201763286460159666585136047703386576901606473557013667644775428523127405477e+00 -3.47495689661770957227139640369980316672190299171647924297194447824516570882214382234369812126627638614399351e-02
65 7.36746609812511666709094183612477725863366886767152838140139699200843144773484802954017600079174471842000137e-01 -9.03203543822320515956401746944757858481092265250935843595290766003723282790328176190969238320938225936930085e-01
66 8.02231558054446403502034019606479826242873843662957121802331129156485756652602820938082515286956526637667954e-01 -9.18588640037796337249468019170397971796381664184453888265725453762280572153696372971552487148506548467677111e-01
67 6.37938457299922432616891511464563572285287832422331922255723605694807518017971976024905780916677612001450043e-02 4.18588640037796337249468019170397971796381664184453888265725453762280572153696372971552487148506548467677111e-01
68 5.08971184174411487057030281341151260045447282355897737430480846524102062208694924403571260759554070833514906e-02 -2.58667008466783727296649170621148367692072445973352883920329218318046218472252088829029085272044304270093403e-01
69 8.39707756164056621048013467008997399126611559008168483460344040538119867434956564009124129700369964161835244e-01 1.04942744955645517060508441532430325406211652230381827853697546341236300538181952666688331287150899134002061e+00
70 1.57955352460767593567442195561710058564498017013643894677939991797548011605316303640640893617694671473929796e+00 8.75607378872965962086052765782698207104661545485461331517940058983483982208629798983874451656558893374424482e-01
71 1.70334131703708352576819354568389027183909940915893867556433050611054615188656464446909234484456143019459181e+00 -6.46893824994796907098501810097787430586306173986895300876283603102992255420512746731614004523493216506125291e-01
72 1.39247855455662326256716892312077851311445964993972741630345773155753397453646387179393136288841840597967011e+00 1.21609411622312183727175108199096992072878318897048494520364213007902967204848619333354997953817565800668960e+00
73 6.03667916810007790224858484245896239992392819167148706586161775671824313322376800225164359264003848901185262e-01 -9.20003418001170606299825039544817010254057793066862172536625516513795518055854221623624186053776376034283351e-02
74 1.02678272621510929415526649950531947165713207920488001393628622695606600895165572862160170298889827292146485e+00 1.70894071220629929541938609911603154043799487881879466485127339231681731554196313231720778498989222670775680e+00
75 1.15057051864451688424903808957210915785125131822737974272121681509113204478505733668428511165651298837675520e+00 1.86439508338536426234831523235545902747027159346438032457049730230341077912820586601719328809840116827207025e-01
76 1.19663687692775413967318923904392096280390725904924647666097910709934058725964635672246601709916380517690950e+00 2.35458588973823111701398773802327839080712819954131692962926887102924039773339434776403711923270099337380115e-01
77 -3.30611473143315492909466068290984779332504632144056162633075617373374078805246338181892923720539517339095455e-01 2.64541411026176888298601226197672160919287180045868307037073112897075960226660565223596288076729900662619013e-01
78 1.44060663504711451169521040546495090364501651066510691851736334284635490896322826235186921456623678945621991e+00 7.98583764367156237610619369296335301666114303416168540903613888550881676245111895109896352120670569471894779e-01
79 1.83975811419945025189938727500696611875518795835593905297026008181429037671977495169210366891126030024164839e-01 -6.98702104889871826230684136114245251477589319176025102619574326703899494569948428576359049876048926035971145e-02
80 3.16023643318821904822229260431097804957542403483841652713932272070141673146997812638185134588712869626779347e-01 4.92176676722515205697815875406819584703929772914296853713032356543435110664455542727957875478794117598031776e-01
81 1.57265446694599139132750093839535209672704011831335466593426960673506754443824857982084398226382362905883616e+00 1.36063065157865862593150365831457941151780300824806790487860367776470673636656228069549013258706957967352323e+00
82 2.06266228071219278643691240979685714627530988595443679068888259682530709571404637526303911047778809301472181e+00 -2.64541411026176888298601226197672160919287180045868307037073112897075960226660565223596288076729900662619667e-01
83 5.35413930641123153854257102461951404138897994761134151394827872352592429649153680358680169658084770498715976e-01 -2.35458588973823111701398773802327839080712819954131692962926887102924039773339434776403711923270099337379897e-01
84 2.25850395834106190933089209387371469658586227684491773033136122128350048299086389033450445626704269381748328e+00 7.16094116223121837271751081990969920728783188970484945203642130079029672048486193333549979538175658006689604e-01
85 1.46969332059444643698858165499883242346379544607233902061406526539779082177677681876573745264262813673900193e+00 -5.92000341800117060629982503954481701025405779306686217253662551651379551805585422162362418605377637603427463e-01
86 8.97503932243182314100637512364861014049096339066842538048522436430942645270740513035046209689448456925650063e-01 1.30573716838397877946298435217127368195690261356785882125598262631309403275163495612623854666895400077082584e+00
87 2.27792254829975939069968078039590499201271329291885528005379035923093455239539288828038846603217393181299680e+00 6.51689939372359330512117559198547871079808129429273240027330285447889420824599148378282347597177352965769052e-01
88 1.28261835054339376388132862250251035093327492587562749013812307897984468026007765415325987935409982797937232e+00 -2.51513604449961185444284187746209987401284135821662603567960480555833861965729027812686890723760872971163213e-01
89 1.15883055811398617378755703243572066473915568685312776135319249084477864442667604609057647068648511252408023e+00 1.27098759941780168374027038813427565028968358365069402882626318153064237566341351790280156545629123690938787e+00
90 1.66825696183888505026575719035941600971427647056814743583023461888245226510700283947865560866558081447548287e+00 -4.18588640037796337249468019170397971796381664184453888265725453762280572153696372971552487148506548467676239e-01
91 9.29819249514430890025412321899392540699931410147423506253475850295447260256197216143063671470292049037957962e-01 9.18588640037796337249468019170397971796381664184453888265725453762280572153696372971552487148506548467677983e-01
92 9.16922522201879795469426198887051309475947355140780087770951574378376714675269510980930219454579694921164884e-01 2.41332991533216272703350829378851632307927554026647116079670781681953781527747911170970914727955695729905725e-01
93 1.70573315994849526781173663776193358259801418591335879748824753026408637588935658254969722307899425199964668e+00 1.54942744955645517060508441532430325406211652230381827853697546341236300538181952666688331287150899134002236e+00
94 2.27792254829975939069968078039590499201271329291885528005379035923093455239539288828038846603217393181299680e+00 -3.48310060627640669487882440801452128920191870570726759972669714552110579175400851621717652402822647034231166e-01
95 8.97503932243182314100637512364861014049096339066842538048522436430942645270740513035046209689448456925650935e-01 3.05737168383978779462984352171273681956902613567858821255982626313094032751634956126238546668954000770826059e-01
96 9.80716367931872038731115350033507666704476138383013279996523934947857466477066708583420797546247456121309671e-01 6.59921631571012609952818848549249604104309218211101004345396235444234353681444284142523401876462244197582400e-01
97 2.50796471800294167131377065736841340884088802957631591929057865942057213254195940348777973836595077863731725e+00 6.30838809518658833355616396153905282265734858119364390271250009650082433228123153695330825723002442872343501e-01
98 1.92789248519774641642142602558272991725335764470086156769828560391012640418561755215261153254650317647838870e+00 9.80635527249298725570352308188642081648070369016353252240715242976105632275146758557146267614905558669306437e-01
99 2.66633019752220057666177089404275338626770270512158549727504437249713140903642317548820346974179194191591143e+00 -3.56541752826293948928583730152153861944692959352554524290735664548455512032245987385958706682107538266047566e-01
100 -1.00569303440133212295376191318476362504329895486595523396287317183736498658679822974501651386762670514776749e-01 1.24369028117247639114210006315302957210521390873595945728099283709926897263018457054064476620255499056919564e+00
101 1.27984931261644386430366707671256761545928705836541721860898060561625540846597255227084060495596280437256824e+00 5.89643052160856942191233270180303761228119424597373876052340496234064360703148762792688567130778342764137981e-01
102 -6.82049592364493621573784443252239571595883831069596408730877481544537470782422523371362726487498257813648773e-01 4.30129789511012817376931586388575474852241068082397489738042567329610050543005157142364095012395107396403757e-01
103 5.74581231262675864931487234712014720173613883759916604489459853120388400508828243811296121187612501618407606e-01 1.29858376436715623761061936929633530166611430341616854090361388855088167624511189510989635212067056947189391e+00
104 1.83262011100901050582282253282434872944713514929697615145209429663566951556747986005564783814401124619040397e+00 -1.24369028117247639114210006315302957210521390873595945728099283709926897263018457054064476620255499056919564e+00
105 4.52201494952433429223779264793304751483518195444963409446826373835677608442827484810305581801285771303058984e-01 -5.89643052160856942191233270180303761228119424597373876052340496234064360703148762792688567130778342764137109e-01
106 8.37315913252644879004470374930954088367696782253748361536427016384579643432164625928519251465937142356778630e-01 -1.14689382499479690709850181009778743058630617398689530087628360310299225542051274673161400452349321650612573e+00
107 7.13528120823237288910698784864164402173577543231248632751496428249513607598763017865835842798322426901487404e-01 3.75607378872965962086052765782698207104661545485461331517940058983483982208629798983874451656558893374422956e-01
108 2.43867987073043003809122410914828828019844274521854497996217309646103405289264859836141707564244791689664847e+00 8.60630651578658625931503658314579411517803008248067904878603677764706736366562280695490132587069579673522361e-01
109 1.18204904710326055158595243118403398842894503038903196674183576179610818160139783117875822796733715746459209e+00 -7.82332327748479430218412459318041529607022708570314628696764345656488933554445727204212452120588240196626210e-03
110 2.02485596189842482055128020318865684821055831375831807538109598057074515288107606463114956406510940036189253e+00 1.77098759941780168374027038813427565028968358365069402882626318153064237566341351790280156545629123690938700e+00
111 2.14864375432783241064505179325544653440467755278081780416602656870581118871447767269383297273272411581718463e+00 2.48486395550038814555715812253790012598715864178337396432039519444166138034270972187313109276239127028837223e-01
112 8.02231558054446403502034019606479826242873843662957121802331129156485756652602820938082515286956526637668390e-01 8.14113599622036627505319808296020282036183358155461117342745462377194278463036270284475128514934515323237612e-02
113 6.37938457299922432616891511464563572285287832422331922255723605694807518017971976024905780916677612001439143e-02 1.41858864003779633724946801917039797179638166418445388826572545376228057215369637297155248714850654846767885e+00
114 5.08971184174411487057030281341151260045447282355897737430480846524102062208694924403571260759554070833512726e-02 7.41332991533216272703350829378851632307927554026647116079670781681953781527747911170970914727955695729905725e-01
115 8.39707756164056621048013467008997399126611559008168483460344040538119867434956564009124129700369964161834372e-01 2.04942744955645517060508441532430325406211652230381827853697546341236300538181952666688331287150899134002236e+00
116 1.19663687692775413967318923904392096280390725904924647666097910709934058725964635672246601709916380517690950e+00 -7.64541411026176888298601226197672160919287180045868307037073112897075960226660565223596288076729900662619449e-01
117 -3.30611473143315492909466068290984779332504632144056162633075617373374078805246338181892923720539517339097200e-01 -7.35458588973823111701398773802327839080712819954131692962926887102924039773339434776403711923270099337379679e-01
118 1.39247855455662326256716892312077851311445964993972741630345773155753397453646387179393136288841840597967011e+00 2.16094116223121837271751081990969920728783188970484945203642130079029672048486193333549979538175658006686770e-01
119 6.03667916810007790224858484245896239992392819167148706586161775671824313322376800225164359264003848901187878e-01 -1.09200034180011706062998250395448170102540577930668621725366255165137955180558542216236241860537763760342659e+00
120 -1.29278793971926980054628987140458457608035740138037475887763790525123363680915215586555493299449815995813911e-01 -1.40320354382232051595640174694475785848109226525093584359529076600372328279032817619096923832093822593693096e+00
121 1.12735202965524250645064269082379583416146197469147553733257354413980250761033555159610335437566094343624334e+00 -5.34749568966177095722713964036998031667219029917164792429719444782451657088221438223436981212662763861439281e-01
122 1.31822689873687207598750243554624093495492082235015372347472986356164411689722750335087867517991005914087042e+00 -8.96430521608569421912332701803037612281194245973738760523404962340643607031487627926885671307783427641377633e-02
123 2.69864551479344915258654570357728491291853777620216646547999778636163602402187987859622093152263553402821715e+00 -7.43690281172476391142100063153029572105213908735959457280992837099268972630184570540644766202554990569193027e-01
124 6.16564644122558884780844607258237471216376874173792125068686051588894858903304505387297811279716203017981392e-01 -4.14744693295536996083865314162935361536951669148879445067607879571052761179636960361780846184826784865655641e-01
125 1.35500235644701304502118947571826094023072193459451605464544482017589986375411012872288974847500496845550369e+00 -1.75192197337112967058280135250373130512971499751778722159905878709561390548702970630488582048183988180100986e+00
126 -8.83382271535882134428621524402765893320352723075615095476189308392788185906753645966700156908587959156931189e-01 9.78747443595102216319345595310054942526205133792016403704064462304092935599938985569296214100632339959534548e-02
127 6.43866078535187498154033782932139848816059168117687543817865416079926480158139048937658783911115363359073770e-01 6.87919223071564450347321071356611724140461532874650262962602204362573731066727681097370452566034326707137932e-02
128 1.57265446694599139132750093839535209672704011831335466593426960673506754443824857982084398226382362905883616e+00 3.60630651578658625931503658314579411517803008248067904878603677764706736366562280695490132587069579673523887e-01
129 3.16023643318821904822229260431097804957542403483841652713932272070141673146997812638185134588712869626779347e-01 -5.07823323277484794302184124593180415296070227085703146286967643456564889335544457272042124521205882401967134e-01
130 1.35500235644701304502118947571826094023072193459451605464544482017589986375411012872288974847500496845550543e+00 -7.51921973371129670582801352503731305129714997517787221599058787095613905487029706304885820481839881801009863e-01
131 6.16564644122558884780844607258237471216376874173792125068686051588894858903304505387297811279716203017978340e-01 5.85255306704463003916134685837064638463048330851120554932392120428947238820363039638219153815173215134343487e-01
132 2.84545114860078237485314918819172974379848691322189428693313325365165536330657318143712018277888700538941152e-01 6.86439508338536426234831523235545902747027159346438032457049730230341077912820586601719328809840116827207897e-01
133 1.60757322430670647391543328752383288185729452299689699908382737230099500497255710081028609610273985083652542e-01 2.20894071220629929541938609911603154043799487881879466485127339231681731554196313231720778498989222670775680e+00
134 2.14587471640088251106739024746550379893068968527060753263688409534222191692037257081141369833458709221038229e+00 8.96430521608569421912332701803037612281194245973738760523404962340643607031487627926885671307783427641381993e-02
135 7.65456100344305434468346979434459820967072731418594790631616172542230009795720195566071441991861617323035991e-01 7.43690281172476391142100063153029572105213908735959457280992837099268972630184570540644766202554990569195643e-01
136 -8.83382271535882134428621524402765893320352723075615095476189308392788185906753645966700156908587959156932061e-01 1.09787474435951022163193455953100549425262051337920164037040644623040929355999389855692962141006323399595395e+00
137 6.43866078535187498154033782932139848816059168117687543817865416079926480158139048937658783911115363359075514e-01 1.06879192230715644503473210713566117241404615328746502629626022043625737310667276810973704525660343267071505e+00
138 1.15883055811398617378755703243572066473915568685312776135319249084477864442667604609057647068648511252407848e+00 2.27098759941780168374027038813427565028968358365069402882626318153064237566341351790280156545629123690938787e+00
139 1.28261835054339376388132862250251035093327492587562749013812307897984468026007765415325987935409982797937058e+00 7.48486395550038814555715812253790012598715864178337396432039519444166138034270972187313109276239127028836787e-01
140 1.48259004790699753154456777801117365468777950107898243909658954131486136735770452392787090465834049085579413e+00 8.52553067044630039161346858370646384630483308511205549323921204289472388203630396382191538151732151343452309e-02
141 2.22102776023145169178491264647119712370212456149970636867334830990186637220851014726346284185362925629331774e+00 -1.25192197337112967058280135250373130512971499751778722159905878709561390548702970630488582048183988180100899e+00
142 -6.82049592364493621573784443252239571595883831069596408730877481544537470782422523371362726487498257813647901e-01 -5.69870210488987182623068413611424525147758931917602510261957432670389949456994842857635904987604892603596461e-01
143 5.74581231262675864931487234712014720173613883759916604489459853120388400508828243811296121187612501618405862e-01 2.98583764367156237610619369296335301666114303416168540903613888550881676245111895109896352120670569471893689e-01
144 1.04897035410075667510171673181745250255797096278902783518785783826708935015028982844990498715216653452378070e+00 -1.96620121255281338975764881602904257840383741141453519945339429104221158350801703243435304805645294068463859e-01
145 1.83778099184737214744402717069233477568003779356160654490515379415279901136437690001867199077658109160226380e+00 1.11147433676795755892596870434254736391380522713571764251196525262618806550326991225247709333790800154165081e+00
146 7.13528120823237288910698784864164402173577543231248632751496428249513607598763017865835842798322426901486096e-01 1.37560737887296596208605276578269820710466154548546133151794005898348398220862979898387445165655889337442230e+00
147 8.37315913252644879004470374930954088367696782253748361536427016384579643432164625928519251465937142356778194e-01 -1.46893824994796907098501810097787430586306173986895300876283603102992255420512746731614004523493216506127035e-01
148 -1.73568677514434876648983536498297098489500961704247814482858186668216774523536274261270635299636713191188853e-02 5.97874744359510221631934559531005494252620513379201640370406446230409293559993898556929621410063233995952637e-01
149 1.50989148231962614491775695368507603228746179502287785784576890580589298861253906747823187728973965119688782e+00 5.68791922307156445034732107135661172414046153287465026296260220436257373106672768109737045256603432670714611e-01
150 1.83778099184737214744402717069233477568003779356160654490515379415279901136437690001867199077658109160226293e+00 2.11147433676795755892596870434254736391380522713571764251196525262618806550326991225247709333790800154165168e+00
151 1.04897035410075667510171673181745250255797096278902783518785783826708935015028982844990498715216653452377808e+00 8.03379878744718661024235118397095742159616258858546480054660570895778841649198296756564695194354705931535487e-01
152 2.70380639563181079420775034144527095915144042046679685893305728387876551981877691855924508415520537944007523e+00 1.61147433676795755892596870434254736391380522713571764251196525262618806550326991225247709333790800154164907e+00
153 1.91499575788519532186543990257038868602937358969421814921576132799305585860468984699047808053079082236159388e+00 3.03379878744718661024235118397095742159616258858546480054660570895778841649198296756564695194354705931535487e-01
154 1.76352933602762096086436068311779719752049896597203285207642592615690915372514053157561930306807274476346324e+00 8.05737168383978779462984352171273681956902613567858821255982626313094032751634956126238546668954000770824969e-01
155 3.14394795208419803746340395114884117548411591982404559408169384895690106084979290682096155941079821965080736e+00 1.51689939372359330512117559198547871079808129429273240027330285447889420824599148378282347597177352965767962e-01
EDGES
0 1
0 4
0 6
0 7
0 12
0 13
0 14
0 15
0 16
0 17
0 48
0 49
0 50
0 51
0 52
0 53
0 54
0 55
1 5
1 6
1 8
1 18
1 19
1 20
1 21
1 22
1 23
1 56
1 57
1 58
1 59
1 60
1 61
1 62
1 63
2 3
2 5
2 9
2 10
2 24
2 25
2 26
2 27
2 28
2 29
2 64
2 65
2 66
2 67
2 68
2 69
2 70
2 71
3 4
3 9
3 11
3 30
3 31
3 32
3 33
3 34
3 35
3 72
3 73
3 74
3 75
3 76
3 77
3 78
3 79
4 7
4 11
4 36
4 37
4 38
4 39
4 40
4 41
4 80
4 81
4 82
4 83
4 84
4 85
4 86
4 87
5 8
5 10
5 42
5 43
5 44
5 45
5 46
5 47
5 88
5 89
5 90
5 91
5 92
5 93
5 94
5 95
6 9
6 13
6 19
6 25
6 31
6 96
6 97
6 98
6 99
7 10
7 15
7 26
7 36
7 42
7 100
7 101
7 102
7 103
8 11
8 20
8 32
8 37
8 43
8 104
8 105
8 106
8 107
9 16
9 22
9 27
9 33
9 108
9 109
9 110
9 111
10 17
10 29
10 38
10 44
10 112
10 113
10 114
10 115
11 23
11 34
11 39
11 45
11 116
11 117
11 118
11 119
12 13
12 24
12 26
12 39
12 104
12 105
12 120
12 121
13 41
13 42
13 43
13 64
13 65
13 122
13 123
14 15
14 20
14 25
14 28
14 116
14 117
14 124
14 125
15 21
15 31
15 34
15 66
15 67
15 126
15 127
16 17
16 22
16 28
16 34
16 88
16 89
16 128
16 129
17 24
17 38
17 43
17 72
17 73
17 130
17 131
18 19
18 30
18 32
18 44
18 100
18 101
18 132
18 133
19 36
19 37
19 46
19 74
19 75
19 134
19 135
20 21
20 25
20 29
20 76
20 77
20 130
20 131
21 31
21 35
21 112
21 113
21 136
21 137
22 23
22 29
22 35
22 80
22 81
22 138
22 139
23 30
23 36
23 45
23 68
23 69
23 126
23 127
24 27
24 43
24 118
24 119
24 124
24 125
25 26
25 31
25 82
25 83
25 140
25 141
26 39
26 42
26 56
26 57
26 142
26 143
27 38
27 39
27 47
27 48
27 49
27 144
27 145
28 29
28 34
28 106
28 107
28 120
28 121
29 35
29 50
29 51
29 146
29 147
30 33
30 36
30 114
30 115
30 136
30 137
31 32
31 90
31 91
31 148
31 149
32 37
32 44
32 52
32 53
32 146
32 147
33 40
33 44
33 45
33 58
33 59
33 150
33 151
34 35
34 60
34 61
34 142
34 143
35 102
35 103
35 132
35 133
36 40
36 92
36 93
36 148
36 149
37 38
37 46
37 70
37 71
37 122
37 123
38 47
38 62
38 63
38 150
38 151
39 41
39 94
39 95
39 128
39 129
40 45
40 46
40 96
40 97
40 152
40 153
41 42
41 47
41 108
41 109
41 154
41 155
42 45
42 78
42 79
42 134
42 135
43 47
43 84
43 85
43 140
43 141
44 46
44 86
44 87
44 138
44 139
45 54
45 55
45 144
45 145
46 110
46 111
46 154
46 155
47 98
47 99
47 152
47 153
48 54
48 62
48 67
48 98
48 124
48 145
49 55
49 63
49 66
49 99
49 125
49 144
50 52
50 65
50 80
50 102
50 120
50 147
51 53
51 64
51 81
51 103
51 121
51 146
52 86
52 100
52 105
52 122
52 146
53 87
53 101
53 104
53 123
53 147
54 58
54 96
54 117
54 126
54 144
55 59
55 97
55 116
55 127
55 145
56 60
56 94
56 101
56 104
56 134
56 143
57 61
57 95
57 100
57 105
57 135
57 142
58 62
58 77
58 96
58 136
58 151
59 63
59 76
59 97
59 137
59 150
60 75
60 88
60 106
60 132
60 142
61 74
61 89
61 107
61 133
61 143
62 98
62 113
62 131
62 150
63 99
63 112
63 130
63 151
64 70
64 78
64 108
64 121
64 123
65 71
65 79
65 109
65 120
65 122
66 68
66 90
66 112
66 125
66 127
67 69
67 91
67 113
67 124
67 126
68 92
68 114
68 119
68 126
68 144
69 93
69 115
69 118
69 127
69 145
70 74
70 107
70 110
70 122
70 146
71 75
71 106
71 111
71 123
71 147
72 76
72 84
72 115
72 118
72 131
72 150
73 77
73 85
73 114
73 119
73 130
73 151
74 78
74 110
74 133
74 135
75 79
75 111
75 132
75 134
76 82
76 116
76 130
76 137
77 83
77 117
77 131
77 136
78 103
78 108
78 134
78 143
79 102
79 109
79 135
79 142
80 86
80 102
80 109
80 129
80 139
81 87
81 103
81 108
81 128
81 138
82 84
82 97
82 116
82 141
82 149
83 85
83 96
83 117
83 140
83 148
84 93
84 118
84 140
84 152
85 92
85 119
85 141
85 153
86 95
86 100
86 138
86 154
87 94
87 101
87 139
87 155
88 94
88 106
88 111
88 129
88 139
89 95
89 107
89 110
89 128
89 138
90 92
90 99
90 112
90 141
90 149
91 93
91 98
91 113
91 140
91 148
92 114
92 148
92 153
93 115
93 149
93 152
94 104
94 128
94 155
95 105
95 129
95 154
96 98
96 148
96 153
97 99
97 149
97 152
98 140
98 152
99 141
99 153
100 102
100 133
100 135
101 103
101 132
101 134
102 132
102 142
103 133
103 143
104 106
104 121
104 123
105 107
105 120
105 122
106 120
106 147
107 121
107 146
108 110
108 128
108 155
109 111
109 129
109 154
110 138
110 154
111 139
111 155
112 114
112 130
112 137
113 115
113 131
113 136
114 136
114 151
115 137
115 150
116 118
116 125
116 127
117 119
117 124
117 126
118 124
118 145
119 125
119 144
120 129
120 142
121 128
121 143
122 135
122 154
123 134
123 155
124 131
124 140
125 130
125 141
126 136
126 148
127 137
127 149
128 143
129 142
130 141
131 140
132 139
132 147
133 138
133 146
134 155
135 154
136 148
137 149
138 146
139 147
144 151
144 153
145 150
145 152
150 152
151 153
DONE